N	L	T	lambda0	lambda1	lambda2	K	h	b	Cost_PL_S	s0_PL_S	S0_PL_S	s1_PL_S	S1_PL_S	s2_PL_S	S2_PL_S	s3_PL_S	S3_PL_S	s4_PL_S	S4_PL_S	s5_PL_S	S5_PL_S	s6_PL_S	S6_PL_S	s7_PL_S	S7_PL_S	s8_PL_S	S8_PL_S	s9_PL_S	S9_PL_S	s10_PL_S	S10_PL_S	s11_PL_S	S11_PL_S	s12_PL_S	S12_PL_S	s13_PL_S	S13_PL_S	s14_PL_S	S14_PL_S	s15_PL_S	S15_PL_S	s16_PL_S	S16_PL_S	s17_PL_S	S17_PL_S	s18_PL_S	S18_PL_S	s19_PL_S	S19_PL_S	s20_PL_S	S20_PL_S
12	0	2	0	1	5	50	1	9	0	171.6209251	-2	16	-3	16	-4	16	-5	16	-6	16	-7	16	-8	16	-9	16	-10	16	-11	16	-12	16	-13	16	-14	16	-15	16	-16	16	-17	16	-18	16	-19	16	-20	16	-21	16	-22	16	
12	0	2	0	1	5	50	1	19	0	179.2393151	-1	16	-2	16	-3	16	-4	16	-5	16	-6	16	-7	16	-8	16	-9	16	-10	16	-11	16	-12	16	-13	16	-14	16	-15	16	-16	16	-17	16	-18	16	-19	16	-20	16	-21	16	
12	0	2	0	1	5	50	1	29	0	180.1319974	-1	16	-2	16	-3	16	-4	16	-5	16	-6	16	-7	16	-8	16	-9	16	-10	16	-11	16	-12	16	-13	16	-14	16	-15	16	-16	16	-17	16	-18	16	-19	16	-20	16	-21	16	
12	0	2	0	1	5	50	3	9	0	210.9754871	-3	9	-4	9	-5	9	-6	9	-7	9	-8	9	-9	9	-10	9	-11	9	-12	9	-13	9	-14	9	-15	9	-16	9	-17	9	-18	9	-19	9	-20	9	-21	9	-22	9	-23	9	
12	0	2	0	1	5	50	3	19	0	223.4641124	-2	9	-2	9	-3	9	-4	9	-5	9	-6	9	-7	9	-8	9	-9	9	-10	9	-11	9	-12	9	-13	9	-14	9	-15	9	-16	9	-17	9	-18	9	-19	9	-20	9	-21	9	
12	0	2	0	1	5	50	3	29	0	226.1283253	-1	9	-2	9	-3	9	-4	9	-5	9	-6	9	-7	9	-8	9	-9	9	-10	9	-11	9	-12	9	-13	9	-14	9	-15	9	-16	9	-17	9	-18	9	-19	9	-20	9	-21	9	
12	0	2	0	1	5	50	5	9	0	227.4804279	-3	7	-4	7	-5	7	-6	7	-7	7	-8	7	-9	7	-10	7	-11	7	-12	7	-13	7	-14	7	-15	7	-16	7	-17	7	-18	7	-19	7	-20	7	-21	7	-22	7	-23	7	
12	0	2	0	1	5	50	5	19	0	240.374039	-2	7	-3	7	-4	7	-5	7	-6	7	-7	7	-8	7	-9	7	-10	7	-11	7	-12	7	-13	7	-14	7	-15	7	-16	7	-17	7	-18	7	-19	7	-20	7	-21	7	-22	7	
12	0	2	0	1	5	50	5	29	0	243.401059	-1	7	-2	7	-3	7	-4	7	-5	7	-6	7	-7	7	-8	7	-9	7	-10	7	-11	7	-12	7	-13	7	-14	7	-15	7	-16	7	-17	7	-18	7	-19	7	-20	7	-21	7	
12	0	2	0	1	5	100	1	9	0	273.4397342	-3	26	-4	26	-5	26	-6	26	-7	26	-8	26	-9	26	-10	26	-11	26	-12	26	-13	26	-14	26	-15	26	-16	26	-17	26	-18	26	-19	26	-20	26	-21	26	-22	26	-23	26	
12	0	2	0	1	5	100	1	19	0	284.8736988	-2	28	-3	28	-4	28	-5	28	-6	28	-7	28	-8	28	-9	28	-10	28	-11	28	-12	28	-13	28	-14	28	-15	28	-16	28	-17	28	-18	28	-19	28	-20	28	-21	28	-22	28	
12	0	2	0	1	5	100	1	29	0	288.9921357	-1	29	-2	29	-3	29	-4	29	-5	29	-6	29	-7	29	-8	29	-9	29	-10	29	-11	29	-12	29	-13	29	-14	29	-15	29	-16	29	-17	29	-18	29	-19	29	-20	29	-21	29	
12	0	2	0	1	5	100	3	9	0	354.621511	-4	13	-5	13	-6	13	-7	13	-8	13	-9	13	-10	13	-11	13	-12	13	-13	13	-14	13	-15	13	-16	13	-17	13	-18	13	-19	13	-20	13	-21	13	-22	13	-23	13	-24	13	
12	0	2	0	1	5	100	3	19	0	377.8568895	-2	14	-3	14	-4	14	-5	14	-6	14	-7	14	-8	14	-9	14	-10	14	-11	14	-12	14	-13	14	-14	14	-15	14	-16	14	-17	14	-18	14	-19	14	-20	14	-21	14	-22	14	
12	0	2	0	1	5	100	3	29	0	386.9553352	-2	15	-3	15	-4	15	-5	15	-6	15	-7	15	-8	15	-9	15	-10	15	-11	15	-12	15	-13	15	-14	15	-15	15	-16	15	-17	15	-18	15	-19	15	-20	15	-21	15	-22	15	
12	0	2	0	1	5	100	5	9	0	382.5397225	-5	10	-6	10	-7	10	-8	10	-9	10	-10	10	-11	10	-12	10	-13	10	-14	10	-15	10	-16	10	-17	10	-18	10	-19	10	-20	10	-21	10	-22	10	-23	10	-24	10	-25	10	
12	0	2	0	1	5	100	5	19	0	412.1495689	-3	10	-4	10	-5	10	-6	10	-7	10	-8	10	-9	10	-10	10	-11	10	-12	10	-13	10	-14	10	-15	10	-16	10	-17	10	-18	10	-19	10	-20	10	-21	10	-22	10	-23	10	
12	0	2	0	1	5	100	5	29	0	424.5221429	-2	10	-3	10	-4	10	-5	10	-6	10	-7	10	-8	10	-9	10	-10	10	-11	10	-12	10	-13	10	-14	10	-15	10	-16	10	-17	10	-18	10	-19	10	-20	10	-21	10	-22	10	
12	0	2	0	1	5	200	1	9	0	414.9381411	-6	27	-7	27	-8	27	-9	27	-10	27	-11	27	-12	27	-13	27	-14	27	-15	27	-16	27	-17	27	-18	27	-19	27	-20	27	-21	27	-22	27	-23	27	-24	27	-25	27	-26	27	
12	0	2	0	1	5	200	1	19	0	449.0531675	-3	29	-3	29	-4	29	-5	29	-6	29	-7	29	-8	29	-9	29	-10	29	-11	29	-12	29	-13	29	-14	29	-15	29	-16	29	-17	29	-18	29	-19	29	-20	29	-21	29	-22	29	
12	0	2	0	1	5	200	1	29	0	466.1120444	-2	30	-3	30	-4	30	-5	30	-6	30	-7	30	-8	30	-9	30	-10	30	-11	30	-12	30	-13	30	-14	30	-15	30	-16	30	-17	30	-18	30	-19	30	-20	30	-21	30	-22	30	
12	0	2	0	1	5	200	3	9	0	558.846659	-7	22	-8	22	-9	22	-10	22	-11	22	-12	22	-13	22	-14	22	-15	22	-16	22	-17	22	-18	22	-19	22	-20	22	-21	22	-22	22	-23	22	-24	22	-25	22	-26	22	-27	22	
12	0	2	0	1	5	200	3	19	0	600.6575803	-4	24	-5	24	-6	24	-7	24	-8	24	-9	24	-10	24	-11	24	-12	24	-13	24	-14	24	-15	24	-16	24	-17	24	-18	24	-19	24	-20	24	-21	24	-22	24	-23	24	-24	24	
12	0	2	0	1	5	200	3	29	0	622.2925654	-3	25	-4	25	-5	25	-6	25	-7	25	-8	25	-9	25	-10	25	-11	25	-12	25	-13	25	-14	25	-15	25	-16	25	-17	25	-18	25	-19	25	-20	25	-21	25	-22	25	-23	25	
12	0	2	0	1	5	200	5	9	0	612.8589035	-8	14	-9	14	-10	14	-11	14	-12	14	-13	14	-14	14	-15	14	-16	14	-17	14	-18	14	-19	14	-20	14	-21	14	-22	14	-23	14	-24	14	-25	14	-26	14	-27	14	-28	14	
12	0	2	0	1	5	200	5	19	0	683.4379935	-4	14	-4	14	-5	14	-6	14	-7	14	-8	14	-9	14	-10	14	-11	14	-12	14	-13	14	-14	14	-15	14	-16	14	-17	14	-18	14	-19	14	-20	14	-21	14	-22	14	-23	14	
12	0	2	0	1	5	200	5	29	0	716.1615217	-3	14	-3	14	-4	14	-5	14	-6	14	-7	14	-8	14	-9	14	-10	14	-11	14	-12	14	-13	14	-14	14	-15	14	-16	14	-17	14	-18	14	-19	14	-20	14	-21	14	-22	14	
12	0	2	1	1	4	50	1	9	5	210.9099468	-1	18	-2	18	-3	18	-4	18	-5	18	-6	18	-7	18	-8	18	-9	18	-10	18	-11	18	-12	18	-13	18	-14	18	-15	18	-16	18	-17	18	-18	18	-19	18	-20	18	-21	18	
12	0	2	1	1	4	50	1	19	5	226.5742745	0	19	-1	19	-2	19	-3	19	-4	19	-5	19	-6	19	-7	19	-8	19	-9	19	-10	19	-11	19	-12	19	-13	19	-14	19	-15	19	-16	19	-17	19	-18	19	-19	19	-20	19	
12	0	2	1	1	4	50	1	29	5	229.40783	0	19	-1	19	-2	19	-3	19	-4	19	-5	19	-6	19	-7	19	-8	19	-9	19	-10	19	-11	19	-12	19	-13	19	-14	19	-15	19	-16	19	-17	19	-18	19	-19	19	-20	19	
12	0	2	1	1	4	50	3	9	5	288.1935335	-2	11	-3	11	-4	11	-5	11	-6	11	-7	11	-8	11	-9	11	-10	11	-11	11	-12	11	-13	11	-14	11	-15	11	-16	11	-17	11	-18	11	-19	11	-20	11	-21	11	-22	11	
12	0	2	1	1	4	50	3	19	5	315.9513645	-1	11	-2	11	-3	11	-4	11	-5	11	-6	11	-7	11	-8	11	-9	11	-10	11	-11	11	-12	11	-13	11	-14	11	-15	11	-16	11	-17	11	-18	11	-19	11	-20	11	-21	11	
12	0	2	1	1	4	50	3	29	5	330.858979	0	11	-1	11	-2	11	-3	11	-4	11	-5	11	-6	11	-7	11	-8	11	-9	11	-10	11	-11	11	-12	11	-13	11	-14	11	-15	11	-16	11	-17	11	-18	11	-19	11	-20	11	
12	0	2	1	1	4	50	5	9	5	334.8210856	-3	4	-4	4	-5	4	-6	4	-7	4	-8	4	-9	4	-10	4	-11	4	-12	4	-13	4	-14	4	-15	4	-16	4	-17	4	-18	4	-19	4	-20	4	-21	4	-22	4	-23	4	
12	0	2	1	1	4	50	5	19	5	370.829001	-1	10	-2	10	-3	10	-4	10	-5	10	-6	10	-7	10	-8	10	-9	10	-10	10	-11	10	-12	10	-13	10	-14	10	-15	10	-16	10	-17	10	-18	10	-19	10	-20	10	-21	10	
12	0	2	1	1	4	50	5	29	5	391.9357584	-1	10	-2	10	-3	10	-4	10	-5	10	-6	10	-7	10	-8	10	-9	10	-10	10	-11	10	-12	10	-13	10	-14	10	-15	10	-16	10	-17	10	-18	10	-19	10	-20	10	-21	10	
12	0	2	1	1	4	100	1	9	5	314.1514395	-2	28	-3	28	-4	28	-5	28	-6	28	-7	28	-8	28	-9	28	-10	28	-11	28	-12	28	-13	28	-14	28	-15	28	-16	28	-17	28	-18	28	-19	28	-20	28	-21	28	-22	28	
12	0	2	1	1	4	100	1	19	5	336.9543157	-1	30	-2	30	-3	30	-4	30	-5	30	-6	30	-7	30	-8	30	-9	30	-10	30	-11	30	-12	30	-13	30	-14	30	-15	30	-16	30	-17	30	-18	30	-19	30	-20	30	-21	30	
12	0	2	1	1	4	100	1	29	5	350.6941552	0	31	-1	31	-2	31	-3	31	-4	31	-5	31	-6	31	-7	31	-8	31	-9	31	-10	31	-11	31	-12	31	-13	31	-14	31	-15	31	-16	31	-17	31	-18	31	-19	31	-20	31	
12	0	2	1	1	4	100	3	9	5	433.6233995	-3	14	-4	14	-5	14	-6	14	-7	14	-8	14	-9	14	-10	14	-11	14	-12	14	-13	14	-14	14	-15	14	-16	14	-17	14	-18	14	-19	14	-20	14	-21	14	-22	14	-23	14	
12	0	2	1	1	4	100	3	19	5	476.4157034	-2	16	-3	16	-4	16	-5	16	-6	16	-7	16	-8	16	-9	16	-10	16	-11	16	-12	16	-13	16	-14	16	-15	16	-16	16	-17	16	-18	16	-19	16	-20	16	-21	16	-22	16	
12	0	2	1	1	4	100	3	29	5	497.2082511	-1	17	-2	17	-3	17	-4	17	-5	17	-6	17	-7	17	-8	17	-9	17	-10	17	-11	17	-12	17	-13	17	-14	17	-15	17	-16	17	-17	17	-18	17	-19	17	-20	17	-21	17	
12	0	2	1	1	4	100	5	9	5	492.776616	-5	12	-6	12	-7	12	-8	12	-9	12	-10	12	-11	12	-12	12	-13	12	-14	12	-15	12	-16	12	-17	12	-18	12	-19	12	-20	12	-21	12	-22	12	-23	12	-24	12	-25	12	
12	0	2	1	1	4	100	5	19	5	549.9472432	-2	12	-3	12	-4	12	-5	12	-6	12	-7	12	-8	12	-9	12	-10	12	-11	12	-12	12	-13	12	-14	12	-15	12	-16	12	-17	12	-18	12	-19	12	-20	12	-21	12	-22	12	
12	0	2	1	1	4	100	5	29	5	579.9761757	-1	12	-2	12	-3	12	-4	12	-5	12	-6	12	-7	12	-8	12	-9	12	-10	12	-11	12	-12	12	-13	12	-14	12	-15	12	-16	12	-17	12	-18	12	-19	12	-20	12	-21	12	
12	0	2	1	1	4	200	1	9	5	463.0770496	-6	29	-7	29	-8	29	-9	29	-10	29	-11	29	-12	29	-13	29	-14	29	-15	29	-16	29	-17	29	-18	29	-19	29	-20	29	-21	29	-22	29	-23	29	-24	29	-25	29	-26	29	
12	0	2	1	1	4	200	1	19	5	516.3835905	-2	31	-3	31	-4	31	-5	31	-6	31	-7	31	-8	31	-9	31	-10	31	-11	31	-12	31	-13	31	-14	31	-15	31	-16	31	-17	31	-18	31	-19	31	-20	31	-21	31	-22	31	
12	0	2	1	1	4	200	1	29	5	544.0035935	-1	32	-2	32	-3	32	-4	32	-5	32	-6	32	-7	32	-8	32	-9	32	-10	32	-11	32	-12	32	-13	32	-14	32	-15	32	-16	32	-17	32	-18	32	-19	32	-20	32	-21	32	
12	0	2	1	1	4	200	3	9	5	639.4573374	-6	23	-7	23	-8	23	-9	23	-10	23	-11	23	-12	23	-13	23	-14	23	-15	23	-16	23	-17	23	-18	23	-19	23	-20	23	-21	23	-22	23	-23	23	-24	23	-25	23	-26	23	
12	0	2	1	1	4	200	3	19	5	708.8498806	-3	26	-4	26	-5	26	-6	26	-7	26	-8	26	-9	26	-10	26	-11	26	-12	26	-13	26	-14	26	-15	26	-16	26	-17	26	-18	26	-19	26	-20	26	-21	26	-22	26	-23	26	
12	0	2	1	1	4	200	3	29	5	746.1543335	-2	27	-3	27	-4	27	-5	27	-6	27	-7	27	-8	27	-9	27	-10	27	-11	27	-12	27	-13	27	-14	27	-15	27	-16	27	-17	27	-18	27	-19	27	-20	27	-21	27	-22	27	
12	0	2	1	1	4	200	5	9	5	722.1843848	-8	17	-9	17	-10	17	-11	17	-12	17	-13	17	-14	17	-15	17	-16	17	-17	17	-18	17	-19	17	-20	17	-21	17	-22	17	-23	17	-24	17	-25	17	-26	17	-27	17	-28	17	
12	0	2	1	1	4	200	5	19	5	829.0284194	-3	15	-4	15	-5	15	-6	15	-7	15	-8	15	-9	15	-10	15	-11	15	-12	15	-13	15	-14	15	-15	15	-16	15	-17	15	-18	15	-19	15	-20	15	-21	15	-22	15	-23	15	
12	0	2	1	1	4	200	5	29	5	880.1583192	-2	16	-3	16	-4	16	-5	16	-6	16	-7	16	-8	16	-9	16	-10	16	-11	16	-12	16	-13	16	-14	16	-15	16	-16	16	-17	16	-18	16	-19	16	-20	16	-21	16	-22	16	
12	0	2	2	1	3	50	1	9	8	239.1302021	0	20	-1	20	-2	20	-3	20	-4	20	-5	20	-6	20	-7	20	-8	20	-9	20	-10	20	-11	20	-12	20	-13	20	-14	20	-15	20	-16	20	-17	20	-18	20	-19	20	-20	20	
12	0	2	2	1	3	50	1	19	8	247.8995211	1	21	0	21	-1	21	-2	21	-3	21	-4	21	-5	21	-6	21	-7	21	-8	21	-9	21	-10	21	-11	21	-12	21	-13	21	-14	21	-15	21	-16	21	-17	21	-18	21	-19	21	
12	0	2	2	1	3	50	1	29	8	252.2234001	1	21	0	21	-1	21	-2	21	-3	21	-4	21	-5	21	-6	21	-7	21	-8	21	-9	21	-10	21	-11	21	-12	21	-13	21	-14	21	-15	21	-16	21	-17	21	-18	21	-19	21	
12	0	2	2	1	3	50	3	9	8	339.8524911	-2	12	-3	12	-4	12	-5	12	-6	12	-7	12	-8	12	-9	12	-10	12	-11	12	-12	12	-13	12	-14	12	-15	12	-16	12	-17	12	-18	12	-19	12	-20	12	-21	12	-22	12	
12	0	2	2	1	3	50	3	19	8	372.9977758	0	13	-1	13	-2	13	-3	13	-4	13	-5	13	-6	13	-7	13	-8	13	-9	13	-10	13	-11	13	-12	13	-13	13	-14	13	-15	13	-16	13	-17	13	-18	13	-19	13	-20	13	
12	0	2	2	1	3	50	3	29	8	384.5269107	1	13	0	13	-1	13	-2	13	-3	13	-4	13	-5	13	-6	13	-7	13	-8	13	-9	13	-10	13	-11	13	-12	13	-13	13	-14	13	-15	13	-16	13	-17	13	-18	13	-19	13	
12	0	2	2	1	3	50	5	9	8	382.9136557	-2	6	-3	6	-4	6	-5	6	-6	6	-7	6	-8	6	-9	6	-10	6	-11	6	-12	6	-13	6	-14	6	-15	6	-16	6	-17	6	-18	6	-19	6	-20	6	-21	6	-22	6	
12	0	2	2	1	3	50	5	19	8	437.8437602	0	7	-1	7	-2	7	-3	7	-4	7	-5	7	-6	7	-7	7	-8	7	-9	7	-10	7	-11	7	-12	7	-13	7	-14	7	-15	7	-16	7	-17	7	-18	7	-19	7	-20	7	
12	0	2	2	1	3	50	5	29	8	456.3655078	0	7	-1	7	-2	7	-3	7	-4	7	-5	7	-6	7	-7	7	-8	7	-9	7	-10	7	-11	7	-12	7	-13	7	-14	7	-15	7	-16	7	-17	7	-18	7	-19	7	-20	7	
12	0	2	2	1	3	100	1	9	8	344.1695982	-1	30	-2	30	-3	30	-4	30	-5	30	-6	30	-7	30	-8	30	-9	30	-10	30	-11	30	-12	30	-13	30	-14	30	-15	30	-16	30	-17	30	-18	30	-19	30	-20	30	-21	30	
12	0	2	2	1	3	100	1	19	8	367.5996278	0	32	-1	32	-2	32	-3	32	-4	32	-5	32	-6	32	-7	32	-8	32	-9	32	-10	32	-11	32	-12	32	-13	32	-14	32	-15	32	-16	32	-17	32	-18	32	-19	32	-20	32	
12	0	2	2	1	3	100	1	29	8	374.152358	1	33	0	33	-1	33	-2	33	-3	33	-4	33	-5	33	-6	33	-7	33	-8	33	-9	33	-10	33	-11	33	-12	33	-13	33	-14	33	-15	33	-16	33	-17	33	-18	33	-19	33	
12	0	2	2	1	3	100	3	9	8	491.7547381	-3	16	-4	16	-5	16	-6	16	-7	16	-8	16	-9	16	-10	16	-11	16	-12	16	-13	16	-14	16	-15	16	-16	16	-17	16	-18	16	-19	16	-20	16	-21	16	-22	16	-23	16	
12	0	2	2	1	3	100	3	19	8	545.2517055	-1	17	-2	17	-3	17	-4	17	-5	17	-6	17	-7	17	-8	17	-9	17	-10	17	-11	17	-12	17	-13	17	-14	17	-15	17	-16	17	-17	17	-18	17	-19	17	-20	17	-21	17	
12	0	2	2	1	3	100	3	29	8	566.8271006	0	18	-1	18	-2	18	-3	18	-4	18	-5	18	-6	18	-7	18	-8	18	-9	18	-10	18	-11	18	-12	18	-13	18	-14	18	-15	18	-16	18	-17	18	-18	18	-19	18	-20	18	
12	0	2	2	1	3	100	5	9	8	568.4057855	-4	13	-5	13	-6	13	-7	13	-8	13	-9	13	-10	13	-11	13	-12	13	-13	13	-14	13	-15	13	-16	13	-17	13	-18	13	-19	13	-20	13	-21	13	-22	13	-23	13	-24	13	
12	0	2	2	1	3	100	5	19	8	644.909401	-1	14	-2	14	-3	14	-4	14	-5	14	-6	14	-7	14	-8	14	-9	14	-10	14	-11	14	-12	14	-13	14	-14	14	-15	14	-16	14	-17	14	-18	14	-19	14	-20	14	-21	14	
12	0	2	2	1	3	100	5	29	8	684.4061267	0	14	-1	14	-2	14	-3	14	-4	14	-5	14	-6	14	-7	14	-8	14	-9	14	-10	14	-11	14	-12	14	-13	14	-14	14	-15	14	-16	14	-17	14	-18	14	-19	14	-20	14	
12	0	2	2	1	3	200	1	9	8	505.0422478	-5	30	-6	30	-7	30	-8	30	-9	30	-10	30	-11	30	-12	30	-13	30	-14	30	-15	30	-16	30	-17	30	-18	30	-19	30	-20	30	-21	30	-22	30	-23	30	-24	30	-25	30	
12	0	2	2	1	3	200	1	19	8	564.4465168	-1	33	-2	33	-3	33	-4	33	-5	33	-6	33	-7	33	-8	33	-9	33	-10	33	-11	33	-12	33	-13	33	-14	33	-15	33	-16	33	-17	33	-18	33	-19	33	-20	33	-21	33	
12	0	2	2	1	3	200	1	29	8	577.9028418	0	34	-1	34	-2	34	-3	34	-4	34	-5	34	-6	34	-7	34	-8	34	-9	34	-10	34	-11	34	-12	34	-13	34	-14	34	-15	34	-16	34	-17	34	-18	34	-19	34	-20	34	
12	0	2	2	1	3	200	3	9	8	704.3818595	-6	25	-7	25	-8	25	-9	25	-10	25	-11	25	-12	25	-13	25	-14	25	-15	25	-16	25	-17	25	-18	25	-19	25	-20	25	-21	25	-22	25	-23	25	-24	25	-25	25	-26	25	
12	0	2	2	1	3	200	3	19	8	790.0011223	-2	27	-3	27	-4	27	-5	27	-6	27	-7	27	-8	27	-9	27	-10	27	-11	27	-12	27	-13	27	-14	27	-15	27	-16	27	-17	27	-18	27	-19	27	-20	27	-21	27	-22	27	
12	0	2	2	1	3	200	3	29	8	836.3883059	-1	28	-2	28	-3	28	-4	28	-5	28	-6	28	-7	28	-8	28	-9	28	-10	28	-11	28	-12	28	-13	28	-14	28	-15	28	-16	28	-17	28	-18	28	-19	28	-20	28	-21	28	
12	0	2	2	1	3	200	5	9	8	807.0806219	-7	17	-8	17	-9	17	-10	17	-11	17	-12	17	-13	17	-14	17	-15	17	-16	17	-17	17	-18	17	-19	17	-20	17	-21	17	-22	17	-23	17	-24	17	-25	17	-26	17	-27	17	
12	0	2	2	1	3	200	5	19	8	939.1358207	-2	17	-3	17	-4	17	-5	17	-6	17	-7	17	-8	17	-9	17	-10	17	-11	17	-12	17	-13	17	-14	17	-15	17	-16	17	-17	17	-18	17	-19	17	-20	17	-21	17	-22	17	
12	0	2	2	1	3	200	5	29	8	997.317107	-1	18	-2	18	-3	18	-4	18	-5	18	-6	18	-7	18	-8	18	-9	18	-10	18	-11	18	-12	18	-13	18	-14	18	-15	18	-16	18	-17	18	-18	18	-19	18	-20	18	-21	18	
12	0	2	3	1	2	50	1	9	10	256.0171855	0	21	-1	21	-2	21	-3	21	-4	21	-5	21	-6	21	-7	21	-8	21	-9	21	-10	21	-11	21	-12	21	-13	21	-14	21	-15	21	-16	21	-17	21	-18	21	-19	21	-20	21	
12	0	2	3	1	2	50	1	19	10	267.0753911	2	22	1	22	0	22	-1	22	-2	22	-3	22	-4	22	-5	22	-6	22	-7	22	-8	22	-9	22	-10	22	-11	22	-12	22	-13	22	-14	22	-15	22	-16	22	-17	22	-18	22	
12	0	2	3	1	2	50	1	29	10	272.7740843	2	23	1	23	0	23	-1	23	-2	23	-3	23	-4	23	-5	23	-6	23	-7	23	-8	23	-9	23	-10	23	-11	23	-12	23	-13	23	-14	23	-15	23	-16	23	-17	23	-18	23	
12	0	2	3	1	2	50	3	9	10	377.2683089	-1	11	-2	11	-3	11	-4	11	-5	11	-6	11	-7	11	-8	11	-9	11	-10	11	-11	11	-12	11	-13	11	-14	11	-15	11	-16	11	-17	11	-18	11	-19	11	-20	11	-21	11	
12	0	2	3	1	2	50	3	19	10	412.9667365	1	14	0	14	-1	14	-2	14	-3	14	-4	14	-5	14	-6	14	-7	14	-8	14	-9	14	-10	14	-11	14	-12	14	-13	14	-14	14	-15	14	-16	14	-17	14	-18	14	-19	14	
12	0	2	3	1	2	50	3	29	10	428.630476	2	15	1	15	0	15	-1	15	-2	15	-3	15	-4	15	-5	15	-6	15	-7	15	-8	15	-9	15	-10	15	-11	15	-12	15	-13	15	-14	15	-15	15	-16	15	-17	15	-18	15	
12	0	2	3	1	2	50	5	9	10	427.535756	-1	8	-2	8	-3	8	-4	8	-5	8	-6	8	-7	8	-8	8	-9	8	-10	8	-11	8	-12	8	-13	8	-14	8	-15	8	-16	8	-17	8	-18	8	-19	8	-20	8	-21	8	
12	0	2	3	1	2	50	5	19	10	485.69139	0	9	-1	9	-2	9	-3	9	-4	9	-5	9	-6	9	-7	9	-8	9	-9	9	-10	9	-11	9	-12	9	-13	9	-14	9	-15	9	-16	9	-17	9	-18	9	-19	9	-20	9	
12	0	2	3	1	2	50	5	29	10	509.9917952	1	9	0	9	-1	9	-2	9	-3	9	-4	9	-5	9	-6	9	-7	9	-8	9	-9	9	-10	9	-11	9	-12	9	-13	9	-14	9	-15	9	-16	9	-17	9	-18	9	-19	9	
12	0	2	3	1	2	100	1	9	10	370.2171621	-1	32	-2	32	-3	32	-4	32	-5	32	-6	32	-7	32	-8	32	-9	32	-10	32	-11	32	-12	32	-13	32	-14	32	-15	32	-16	32	-17	32	-18	32	-19	32	-20	32	-21	32	
12	0	2	3	1	2	100	1	19	10	388.4352992	1	34	0	34	-1	34	-2	34	-3	34	-4	34	-5	34	-6	34	-7	34	-8	34	-9	34	-10	34	-11	34	-12	34	-13	34	-14	34	-15	34	-16	34	-17	34	-18	34	-19	34	
12	0	2	3	1	2	100	1	29	10	396.0867465	2	35	1	35	0	35	-1	35	-2	35	-3	35	-4	35	-5	35	-6	35	-7	35	-8	35	-9	35	-10	35	-11	35	-12	35	-13	35	-14	35	-15	35	-16	35	-17	35	-18	35	
12	0	2	3	1	2	100	3	9	10	537.5820595	-2	17	-3	17	-4	17	-5	17	-6	17	-7	17	-8	17	-9	17	-10	17	-11	17	-12	17	-13	17	-14	17	-15	17	-16	17	-17	17	-18	17	-19	17	-20	17	-21	17	-22	17	
12	0	2	3	1	2	100	3	19	10	596.8282317	0	19	-1	19	-2	19	-3	19	-4	19	-5	19	-6	19	-7	19	-8	19	-9	19	-10	19	-11	19	-12	19	-13	19	-14	19	-15	19	-16	19	-17	19	-18	19	-19	19	-20	19	
12	0	2	3	1	2	100	3	29	10	616.6579947	1	20	0	20	-1	20	-2	20	-3	20	-4	20	-5	20	-6	20	-7	20	-8	20	-9	20	-10	20	-11	20	-12	20	-13	20	-14	20	-15	20	-16	20	-17	20	-18	20	-19	20	
12	0	2	3	1	2	100	5	9	10	625.0902197	-4	12	-5	12	-6	12	-7	12	-8	12	-9	12	-10	12	-11	12	-12	12	-13	12	-14	12	-15	12	-16	12	-17	12	-18	12	-19	12	-20	12	-21	12	-22	12	-23	12	-24	12	
12	0	2	3	1	2	100	5	19	10	720.6154936	-1	14	-2	14	-3	14	-4	14	-5	14	-6	14	-7	14	-8	14	-9	14	-10	14	-11	14	-12	14	-13	14	-14	14	-15	14	-16	14	-17	14	-18	14	-19	14	-20	14	-21	14	
12	0	2	3	1	2	100	5	29	10	752.0783412	0	15	-1	15	-2	15	-3	15	-4	15	-5	15	-6	15	-7	15	-8	15	-9	15	-10	15	-11	15	-12	15	-13	15	-14	15	-15	15	-16	15	-17	15	-18	15	-19	15	-20	15	
12	0	2	3	1	2	200	1	9	10	540.1674843	-4	32	-5	32	-6	32	-7	32	-8	32	-9	32	-10	32	-11	32	-12	32	-13	32	-14	32	-15	32	-16	32	-17	32	-18	32	-19	32	-20	32	-21	32	-22	32	-23	32	-24	32	
12	0	2	3	1	2	200	1	19	10	591.1767706	0	35	-1	35	-2	35	-3	35	-4	35	-5	35	-6	35	-7	35	-8	35	-9	35	-10	35	-11	35	-12	35	-13	35	-14	35	-15	35	-16	35	-17	35	-18	35	-19	35	-20	35	
12	0	2	3	1	2	200	1	29	10	600.1175366	1	36	0	36	-1	36	-2	36	-3	36	-4	36	-5	36	-6	36	-7	36	-8	36	-9	36	-10	36	-11	36	-12	36	-13	36	-14	36	-15	36	-16	36	-17	36	-18	36	-19	36	
12	0	2	3	1	2	200	3	9	10	760.4848758	-5	26	-6	26	-7	26	-8	26	-9	26	-10	26	-11	26	-12	26	-13	26	-14	26	-15	26	-16	26	-17	26	-18	26	-19	26	-20	26	-21	26	-22	26	-23	26	-24	26	-25	26	
12	0	2	3	1	2	200	3	19	10	858.3924882	-2	29	-3	29	-4	29	-5	29	-6	29	-7	29	-8	29	-9	29	-10	29	-11	29	-12	29	-13	29	-14	29	-15	29	-16	29	-17	29	-18	29	-19	29	-20	29	-21	29	-22	29	
12	0	2	3	1	2	200	3	29	10	910.1931008	0	29	-1	29	-2	29	-3	29	-4	29	-5	29	-6	29	-7	29	-8	29	-9	29	-10	29	-11	29	-12	29	-13	29	-14	29	-15	29	-16	29	-17	29	-18	29	-19	29	-20	29	
12	0	2	3	1	2	200	5	9	10	880.7971635	-7	17	-8	17	-9	17	-10	17	-11	17	-12	17	-13	17	-14	17	-15	17	-16	17	-17	17	-18	17	-19	17	-20	17	-21	17	-22	17	-23	17	-24	17	-25	17	-26	17	-27	17	
12	0	2	3	1	2	200	5	19	10	1027.021989	-2	18	-3	18	-4	18	-5	18	-6	18	-7	18	-8	18	-9	18	-10	18	-11	18	-12	18	-13	18	-14	18	-15	18	-16	18	-17	18	-18	18	-19	18	-20	18	-21	18	-22	18	
12	0	2	3	1	2	200	5	29	10	1090.6405	0	19	-1	19	-2	19	-3	19	-4	19	-5	19	-6	19	-7	19	-8	19	-9	19	-10	19	-11	19	-12	19	-13	19	-14	19	-15	19	-16	19	-17	19	-18	19	-19	19	-20	19	
12	0	2	4	1	1	50	1	9	11	272.1124508	1	23	0	23	-1	23	-2	23	-3	23	-4	23	-5	23	-6	23	-7	23	-8	23	-9	23	-10	23	-11	23	-12	23	-13	23	-14	23	-15	23	-16	23	-17	23	-18	23	-19	23	
12	0	2	4	1	1	50	1	19	11	285.545798	3	24	2	24	1	24	0	24	-1	24	-2	24	-3	24	-4	24	-5	24	-6	24	-7	24	-8	24	-9	24	-10	24	-11	24	-12	24	-13	24	-14	24	-15	24	-16	24	-17	24	
12	0	2	4	1	1	50	1	29	11	292.4131976	4	25	3	25	2	25	1	25	0	25	-1	25	-2	25	-3	25	-4	25	-5	25	-6	25	-7	25	-8	25	-9	25	-10	25	-11	25	-12	25	-13	25	-14	25	-15	25	-16	25	
12	0	2	4	1	1	50	3	9	11	409.3741279	0	13	-1	13	-2	13	-3	13	-4	13	-5	13	-6	13	-7	13	-8	13	-9	13	-10	13	-11	13	-12	13	-13	13	-14	13	-15	13	-16	13	-17	13	-18	13	-19	13	-20	13	
12	0	2	4	1	1	50	3	19	11	448.1156575	2	14	1	14	0	14	-1	14	-2	14	-3	14	-4	14	-5	14	-6	14	-7	14	-8	14	-9	14	-10	14	-11	14	-12	14	-13	14	-14	14	-15	14	-16	14	-17	14	-18	14	
12	0	2	4	1	1	50	3	29	11	467.855425	3	15	2	15	1	15	0	15	-1	15	-2	15	-3	15	-4	15	-5	15	-6	15	-7	15	-8	15	-9	15	-10	15	-11	15	-12	15	-13	15	-14	15	-15	15	-16	15	-17	15	
12	0	2	4	1	1	50	5	9	11	471.9287559	-1	9	-2	9	-3	9	-4	9	-5	9	-6	9	-7	9	-8	9	-9	9	-10	9	-11	9	-12	9	-13	9	-14	9	-15	9	-16	9	-17	9	-18	9	-19	9	-20	9	-21	9	
12	0	2	4	1	1	50	5	19	11	535.7315173	1	11	0	11	-1	11	-2	11	-3	11	-4	11	-5	11	-6	11	-7	11	-8	11	-9	11	-10	11	-11	11	-12	11	-13	11	-14	11	-15	11	-16	11	-17	11	-18	11	-19	11	
12	0	2	4	1	1	50	5	29	11	566.5345514	2	11	1	11	0	11	-1	11	-2	11	-3	11	-4	11	-5	11	-6	11	-7	11	-8	11	-9	11	-10	11	-11	11	-12	11	-13	11	-14	11	-15	11	-16	11	-17	11	-18	11	
12	0	2	4	1	1	100	1	9	11	389.6553507	0	33	-1	33	-2	33	-3	33	-4	33	-5	33	-6	33	-7	33	-8	33	-9	33	-10	33	-11	33	-12	33	-13	33	-14	33	-15	33	-16	33	-17	33	-18	33	-19	33	-20	33	
12	0	2	4	1	1	100	1	19	11	408.7470317	2	36	1	36	0	36	-1	36	-2	36	-3	36	-4	36	-5	36	-6	36	-7	36	-8	36	-9	36	-10	36	-11	36	-12	36	-13	36	-14	36	-15	36	-16	36	-17	36	-18	36	
12	0	2	4	1	1	100	1	29	11	417.4863176	3	37	2	37	1	37	0	37	-1	37	-2	37	-3	37	-4	37	-5	37	-6	37	-7	37	-8	37	-9	37	-10	37	-11	37	-12	37	-13	37	-14	37	-15	37	-16	37	-17	37	
12	0	2	4	1	1	100	3	9	11	577.7835213	-2	18	-3	18	-4	18	-5	18	-6	18	-7	18	-8	18	-9	18	-10	18	-11	18	-12	18	-13	18	-14	18	-15	18	-16	18	-17	18	-18	18	-19	18	-20	18	-21	18	-22	18	
12	0	2	4	1	1	100	3	19	11	639.9224399	1	20	0	20	-1	20	-2	20	-3	20	-4	20	-5	20	-6	20	-7	20	-8	20	-9	20	-10	20	-11	20	-12	20	-13	20	-14	20	-15	20	-16	20	-17	20	-18	20	-19	20	
12	0	2	4	1	1	100	3	29	11	663.8608248	2	21	1	21	0	21	-1	21	-2	21	-3	21	-4	21	-5	21	-6	21	-7	21	-8	21	-9	21	-10	21	-11	21	-12	21	-13	21	-14	21	-15	21	-16	21	-17	21	-18	21	
12	0	2	4	1	1	100	5	9	11	672.9706111	-3	13	-4	13	-5	13	-6	13	-7	13	-8	13	-9	13	-10	13	-11	13	-12	13	-13	13	-14	13	-15	13	-16	13	-17	13	-18	13	-19	13	-20	13	-21	13	-22	13	-23	13	
12	0	2	4	1	1	100	5	19	11	774.6401304	0	15	-1	15	-2	15	-3	15	-4	15	-5	15	-6	15	-7	15	-8	15	-9	15	-10	15	-11	15	-12	15	-13	15	-14	15	-15	15	-16	15	-17	15	-18	15	-19	15	-20	15	
12	0	2	4	1	1	100	5	29	11	812.3048365	1	16	0	16	-1	16	-2	16	-3	16	-4	16	-5	16	-6	16	-7	16	-8	16	-9	16	-10	16	-11	16	-12	16	-13	16	-14	16	-15	16	-16	16	-17	16	-18	16	-19	16	
12	0	2	4	1	1	200	1	9	11	569.8786179	-3	34	-4	34	-5	34	-6	34	-7	34	-8	34	-9	34	-10	34	-11	34	-12	34	-13	34	-14	34	-15	34	-16	34	-17	34	-18	34	-19	34	-20	34	-21	34	-22	34	-23	34	
12	0	2	4	1	1	200	1	19	11	611.8060249	1	37	0	37	-1	37	-2	37	-3	37	-4	37	-5	37	-6	37	-7	37	-8	37	-9	37	-10	37	-11	37	-12	37	-13	37	-14	37	-15	37	-16	37	-17	37	-18	37	-19	37	
12	0	2	4	1	1	200	1	29	11	621.841298	2	38	1	38	0	38	-1	38	-2	38	-3	38	-4	38	-5	38	-6	38	-7	38	-8	38	-9	38	-10	38	-11	38	-12	38	-13	38	-14	38	-15	38	-16	38	-17	38	-18	38	
12	0	2	4	1	1	200	3	9	11	810.4059518	-5	27	-6	27	-7	27	-8	27	-9	27	-10	27	-11	27	-12	27	-13	27	-14	27	-15	27	-16	27	-17	27	-18	27	-19	27	-20	27	-21	27	-22	27	-23	27	-24	27	-25	27	
12	0	2	4	1	1	200	3	19	11	922.6538135	-1	30	-2	30	-3	30	-4	30	-5	30	-6	30	-7	30	-8	30	-9	30	-10	30	-11	30	-12	30	-13	30	-14	30	-15	30	-16	30	-17	30	-18	30	-19	30	-20	30	-21	30	
12	0	2	4	1	1	200	3	29	11	963.3048883	1	30	0	30	-1	30	-2	30	-3	30	-4	30	-5	30	-6	30	-7	30	-8	30	-9	30	-10	30	-11	30	-12	30	-13	30	-14	30	-15	30	-16	30	-17	30	-18	30	-19	30	
12	0	2	4	1	1	200	5	9	11	947.2840737	-6	18	-7	18	-8	18	-9	18	-10	18	-11	18	-12	18	-13	18	-14	18	-15	18	-16	18	-17	18	-18	18	-19	18	-20	18	-21	18	-22	18	-23	18	-24	18	-25	18	-26	18	
12	0	2	4	1	1	200	5	19	11	1104.256121	-1	20	-2	20	-3	20	-4	20	-5	20	-6	20	-7	20	-8	20	-9	20	-10	20	-11	20	-12	20	-13	20	-14	20	-15	20	-16	20	-17	20	-18	20	-19	20	-20	20	-21	20	
12	0	2	4	1	1	200	5	29	11	1162.114676	0	21	-1	21	-2	21	-3	21	-4	21	-5	21	-6	21	-7	21	-8	21	-9	21	-10	21	-11	21	-12	21	-13	21	-14	21	-15	21	-16	21	-17	21	-18	21	-19	21	-20	21	
12	0	2	5	1	0	50	1	9	13	288.8545354	2	24	1	24	0	24	-1	24	-2	24	-3	24	-4	24	-5	24	-6	24	-7	24	-8	24	-9	24	-10	24	-11	24	-12	24	-13	24	-14	24	-15	24	-16	24	-17	24	-18	24	
12	0	2	5	1	0	50	1	19	13	304.7737972	4	26	3	26	2	26	1	26	0	26	-1	26	-2	26	-3	26	-4	26	-5	26	-6	26	-7	26	-8	26	-9	26	-10	26	-11	26	-12	26	-13	26	-14	26	-15	26	-16	26	
12	0	2	5	1	0	50	1	29	13	312.8219747	5	27	4	27	3	27	2	27	1	27	0	27	-1	27	-2	27	-3	27	-4	27	-5	27	-6	27	-7	27	-8	27	-9	27	-10	27	-11	27	-12	27	-13	27	-14	27	-15	27	
12	0	2	5	1	0	50	3	9	13	439.004714	1	14	0	14	-1	14	-2	14	-3	14	-4	14	-5	14	-6	14	-7	14	-8	14	-9	14	-10	14	-11	14	-12	14	-13	14	-14	14	-15	14	-16	14	-17	14	-18	14	-19	14	
12	0	2	5	1	0	50	3	19	13	485.567966	3	16	2	16	1	16	0	16	-1	16	-2	16	-3	16	-4	16	-5	16	-6	16	-7	16	-8	16	-9	16	-10	16	-11	16	-12	16	-13	16	-14	16	-15	16	-16	16	-17	16	
12	0	2	5	1	0	50	3	29	13	509.2608062	4	16	3	16	2	16	0	16	-1	16	-2	16	-3	16	-4	16	-5	16	-6	16	-7	16	-8	16	-9	16	-10	16	-11	16	-12	16	-13	16	-14	16	-15	16	-16	16	-17	16	
12	0	2	5	1	0	50	5	9	13	515.4362733	0	11	-1	11	-2	11	-3	11	-4	11	-5	11	-6	11	-7	11	-8	11	-9	11	-10	11	-11	11	-12	11	-13	11	-14	11	-15	11	-16	11	-17	11	-18	11	-19	11	-20	11	
12	0	2	5	1	0	50	5	19	13	588.3284496	2	12	1	12	0	12	-1	12	-2	12	-3	12	-4	12	-5	12	-6	12	-7	12	-8	12	-9	12	-10	12	-11	12	-12	12	-13	12	-14	12	-15	12	-16	12	-17	12	-18	12	
12	0	2	5	1	0	50	5	29	13	626.1900678	3	13	2	13	1	13	0	13	-1	13	-2	13	-3	13	-4	3	-5	3	-6	2	-7	2	-8	1	-9	1	-10	1	-11	0	-12	0	-13	0	-14	0	-15	0	-16	0	-17	0	
12	0	2	5	1	0	100	1	9	13	408.2793429	1	35	0	35	-1	35	-2	35	-3	35	-4	35	-5	35	-6	35	-7	35	-8	35	-9	35	-10	35	-11	35	-12	35	-13	35	-14	35	-15	35	-16	35	-17	35	-18	35	-19	35	
12	0	2	5	1	0	100	1	19	13	429.5843918	3	38	2	38	1	38	0	38	-1	38	-2	38	-3	38	-4	38	-5	38	-6	38	-7	38	-8	38	-9	38	-10	38	-11	38	-12	38	-13	38	-14	38	-15	38	-16	38	-17	38	
12	0	2	5	1	0	100	1	29	13	439.4048694	4	39	3	39	2	39	1	39	0	39	-1	39	-2	39	-3	39	-4	39	-5	39	-6	39	-7	39	-8	39	-9	39	-10	39	-11	39	-12	39	-13	39	-14	39	-15	39	-16	39	
12	0	2	5	1	0	100	3	9	13	618.4242545	-1	20	-2	20	-3	20	-4	20	-5	20	-6	20	-7	20	-8	20	-9	20	-10	20	-11	20	-12	20	-13	20	-14	20	-15	20	-16	20	-17	20	-18	20	-19	20	-20	20	-21	20	
12	0	2	5	1	0	100	3	19	13	684.7615655	2	21	1	21	0	21	-1	21	-2	21	-3	21	-4	21	-5	21	-6	21	-7	21	-8	21	-9	21	-10	21	-11	21	-12	21	-13	21	-14	21	-15	21	-16	21	-17	21	-18	21	
12	0	2	5	1	0	100	3	29	13	712.9439039	3	22	2	22	1	22	0	22	-1	22	-2	22	-3	22	-4	22	-5	22	-6	22	-7	22	-8	22	-9	22	-10	22	-11	22	-12	22	-13	22	-14	22	-15	22	-16	22	-17	22	
12	0	2	5	1	0	100	5	9	13	720.7282608	-2	14	-3	14	-4	14	-5	14	-6	14	-7	14	-8	14	-9	14	-10	14	-11	14	-12	14	-13	14	-14	14	-15	14	-16	14	-17	14	-18	14	-19	14	-20	14	-21	14	-22	14	
12	0	2	5	1	0	100	5	19	13	829.585448	1	16	0	16	-1	16	-2	16	-3	16	-4	16	-5	16	-6	16	-7	16	-8	16	-9	16	-10	16	-11	16	-12	16	-13	16	-14	16	-15	16	-16	16	-17	16	-18	16	-19	16	
12	0	2	5	1	0	100	5	29	13	875.2843951	2	17	1	17	0	17	-1	17	-2	17	-3	17	-4	17	-5	17	-6	17	-7	17	-8	17	-9	17	-10	17	-11	17	-12	17	-13	17	-14	17	-15	17	-16	17	-17	17	-18	17	
12	0	2	5	1	0	200	1	9	13	597.8094647	-2	36	-3	36	-4	36	-5	36	-6	36	-7	36	-8	36	-9	36	-10	36	-11	36	-12	36	-13	36	-14	36	-15	36	-16	36	-17	36	-18	36	-19	36	-20	36	-21	36	-22	36	
12	0	2	5	1	0	200	1	19	13	632.9295219	2	39	1	39	0	39	-1	39	-2	39	-3	39	-4	39	-5	39	-6	39	-7	39	-8	39	-9	39	-10	39	-11	39	-12	39	-13	39	-14	39	-15	39	-16	39	-17	39	-18	39	
12	0	2	5	1	0	200	1	29	13	644.080943	4	40	3	40	1	40	0	40	-1	40	-2	40	-3	40	-4	40	-5	40	-6	40	-7	40	-8	40	-9	40	-10	40	-11	40	-12	40	-13	40	-14	40	-15	40	-16	40	-17	40	
12	0	2	5	1	0	200	3	9	13	858.8816904	-4	29	-5	29	-6	29	-7	29	-8	29	-9	29	-10	29	-11	29	-12	29	-13	29	-14	29	-15	29	-16	29	-17	29	-18	29	-19	29	-20	29	-21	29	-22	29	-23	29	-24	29	
12	0	2	5	1	0	200	3	19	13	978.6926237	0	31	-1	31	-2	31	-3	31	-4	31	-5	31	-6	31	-7	31	-8	31	-9	31	-10	31	-11	31	-12	31	-13	31	-14	31	-15	31	-16	31	-17	31	-18	31	-19	31	-20	31	
12	0	2	5	1	0	200	3	29	13	1016.747868	2	31	1	31	0	31	-1	31	-2	31	-3	31	-4	31	-5	31	-6	31	-7	31	-8	31	-9	31	-10	31	-11	31	-12	31	-13	31	-14	31	-15	31	-16	31	-17	31	-18	31	
12	0	2	5	1	0	200	5	9	13	1010.217563	-5	18	-6	18	-7	18	-8	18	-9	18	-10	18	-11	18	-12	18	-13	18	-14	18	-15	18	-16	18	-17	18	-18	18	-19	18	-20	18	-21	18	-22	18	-23	18	-24	18	-25	18	
12	0	2	5	1	0	200	5	19	13	1178.080408	0	21	-1	21	-2	21	-3	21	-4	21	-5	21	-6	21	-7	21	-8	21	-9	21	-10	21	-11	21	-12	21	-13	21	-14	21	-15	21	-16	21	-17	21	-18	21	-19	21	-20	21	
12	0	2	5	1	0	200	5	29	13	1236.630511	1	22	0	22	-1	22	-2	22	-3	22	-4	22	-5	22	-6	22	-7	22	-8	22	-9	22	-10	22	-11	22	-12	22	-13	22	-14	22	-15	22	-16	22	-17	22	-18	22	-19	22	
