N	L	T	lambda0	lambda1	lambda2	K	h	b	Cost_AP	s_AP	S_AP	Sigma	sigma	Simu_AP	Simu_PL_0	Simu_PL_s	Simu_PL_S
12	1	2	0	1	5	50	1	9	176.3758862	-1	26	0	0	176.303	176.303	176.303	176.303
12	1	2	0	1	5	50	1	19	191.2608101	0	24	0	0	191.20114	191.20114	191.20114	191.20114
12	1	2	0	1	5	50	1	29	193.8968672	0	24	0	0	193.82156	193.82156	193.82156	193.82156
12	1	2	0	1	5	50	3	9	220.8712549	-2	16	0	0	220.87218	220.87218	220.87218	220.87218
12	1	2	0	1	5	50	3	19	241.3744735	-1	16	0	0	241.35782	241.35782	241.35782	241.35782
12	1	2	0	1	5	50	3	29	248.9621211	0	16	0	0	249.08747	249.08747	249.08747	249.08747
12	1	2	0	1	5	50	5	9	240.0235156	-2	13	0	0	240.13309	240.13309	240.13309	240.13309
12	1	2	0	1	5	50	5	19	262.9019669	-1	13	0	0	262.76721	262.76721	262.76721	262.76721
12	1	2	0	1	5	50	5	29	272.9179181	0	13	0	0	272.93147	272.93147	272.93147	272.93147
12	1	2	0	1	5	100	1	9	278.5335442	-2	30	0	0	278.59234	278.59234	278.59234	278.59234
12	1	2	0	1	5	100	1	19	296.8046617	-1	31	0	0	296.76895	296.76895	296.76895	296.76895
12	1	2	0	1	5	100	1	29	304.2078252	0	32	0	0	304.14581	304.14581	304.14581	304.14581
12	1	2	0	1	5	100	3	9	362.2347816	-3	18	0	0	362.29712	362.29712	362.29712	362.29712
12	1	2	0	1	5	100	3	19	393.2318905	-1	19	0	0	393.3761	393.3761	393.3761	393.3761
12	1	2	0	1	5	100	3	29	410.9397549	-1	19	0	0	410.75748	410.75748	410.75748	410.75748
12	1	2	0	1	5	100	5	9	395.7120464	-3	16	0	0	395.71149	395.71149	395.71149	395.71149
12	1	2	0	1	5	100	5	19	430.6526801	-2	17	0	0	430.4563	430.4563	430.4563	430.4563
12	1	2	0	1	5	100	5	29	451.2997385	-1	17	0	0	451.19545	451.19545	451.19545	451.19545
12	1	2	0	1	5	200	1	9	418.6909533	-5	58	0	0	418.80343	418.80343	418.80343	418.80343
12	1	2	0	1	5	200	1	19	454.1397938	-2	61	0	0	454.15936	454.15936	454.15936	454.15936
12	1	2	0	1	5	200	1	29	474.8885731	-1	62	0	0	474.97062	474.97062	474.97062	474.97062
12	1	2	0	1	5	200	3	9	567.395122	-5	26	0	0	567.46687	567.46687	567.46687	567.46687
12	1	2	0	1	5	200	3	19	612.054405	-2	28	0	0	612.02415	612.02415	612.02415	612.02415
12	1	2	0	1	5	200	3	29	637.6474072	-2	29	0	0	637.64976	637.64976	637.64976	637.64976
12	1	2	0	1	5	200	5	9	624.1099279	-7	22	0	0	623.98396	623.98396	623.98396	623.98396
12	1	2	0	1	5	200	5	19	697.0983755	-3	21	0	0	696.92322	696.92322	696.92322	696.92322
12	1	2	0	1	5	200	5	29	734.0618657	-2	20	0	0	734.54801	734.54801	734.54801	734.54801
12	1	2	1	1	4	50	1	9	209.7121632	0	26	5	2	209.83859	223.06472	214.30423	218.1574
12	1	2	1	1	4	50	1	19	228.4240946	2	25	5	3	228.28626	254.65503	233.64824	237.10991
12	1	2	1	1	4	50	1	29	242.4715113	3	25	5	3	242.47613	279.63905	248.25613	251.48649
12	1	2	1	1	4	50	3	9	270.5632167	0	16	5	1	270.61968	290.79075	284.92401	305.75277
12	1	2	1	1	4	50	3	19	298.2776351	1	17	5	2	298.09333	339.23118	316.58728	334.96374
12	1	2	1	1	4	50	3	29	316.7445313	2	17	5	2	316.80008	378.79744	337.96395	354.48325
12	1	2	1	1	4	50	5	9	296.5486598	0	13	5	1	296.65829	319.76696	318.02667	357.97952
12	1	2	1	1	4	50	5	19	329.0818522	1	14	5	2	329.05592	378.09853	360.9229	395.62816
12	1	2	1	1	4	50	5	29	350.5733534	2	14	5	2	350.36528	424.31615	386.62445	420.13181
12	1	2	1	1	4	100	1	9	315.5703962	0	32	5	2	315.63734	325.93955	319.06548	322.24354
12	1	2	1	1	4	100	1	19	338.236779	1	34	5	3	338.10043	357.24388	341.82598	344.59353
12	1	2	1	1	4	100	1	29	354.0444249	2	34	5	3	354.00328	381.35086	357.92317	360.47285
12	1	2	1	1	4	100	3	9	420.787859	-1	19	5	1	420.82343	434.65049	430.54058	444.9503
12	1	2	1	1	4	100	3	19	465.0103511	1	21	5	2	465.14802	499.08392	479.71797	494.77395
12	1	2	1	1	4	100	3	29	487.839541	1	21	5	2	487.8613	537.92748	504.23632	517.68527
12	1	2	1	1	4	100	5	9	460.7814522	-2	17	5	1	460.79674	477.88351	476.58299	509.05203
12	1	2	1	1	4	100	5	19	524.2704362	0	18	5	2	524.43631	564.03307	549.61175	579.13397
12	1	2	1	1	4	100	5	29	552.9086171	1	18	5	2	552.74793	613.31182	580.85986	609.95884
12	1	2	1	1	4	200	1	9	463.8342837	-3	59	5	2	463.90245	468.99582	465.60148	467.26975
12	1	2	1	1	4	200	1	19	526.4454176	0	63	5	3	526.40864	536.19288	528.30898	529.91886
12	1	2	1	1	4	200	1	29	549.1314944	1	64	5	3	548.84107	562.49456	550.80312	552.39933
12	1	2	1	1	4	200	3	9	628.9202409	-3	27	5	1	628.90387	640.3705	636.96529	648.85627
12	1	2	1	1	4	200	3	19	710.1304541	-1	30	5	2	709.94243	732.74319	719.66719	730.00841
12	1	2	1	1	4	200	3	29	747.8687515	0	31	5	2	747.95376	782.24481	758.81777	768.32221
12	1	2	1	1	4	200	5	9	700.8866765	-5	23	5	1	700.51927	712.48018	711.58227	734.34028
12	1	2	1	1	4	200	5	19	813.023328	-1	22	5	2	813.22097	839.45275	829.76938	849.28415
12	1	2	1	1	4	200	5	29	867.4178998	0	21	5	2	867.49436	919.26168	891.09666	916.16647
12	1	2	2	1	3	50	1	9	235.6133385	2	27	8	4	235.55362	254.19658	240.97524	245.81188
12	1	2	2	1	3	50	1	19	266.8567754	4	27	8	5	266.76547	299.07041	273.09582	277.53134
12	1	2	2	1	3	50	1	29	292.2637337	5	27	8	5	292.52875	335.89593	299.12274	303.36698
12	1	2	2	1	3	50	3	9	312.3081363	2	17	8	2	312.26775	342.70395	331.28445	353.80218
12	1	2	2	1	3	50	3	19	357.5310076	3	18	8	3	357.79574	416.24316	381.77453	402.7493
12	1	2	2	1	3	50	3	29	390.2981449	4	18	8	4	390.43402	471.28341	416.37008	436.94769
12	1	2	2	1	3	50	5	9	346.9049897	1	14	8	2	347.04126	381.82545	376.10723	411.3907
12	1	2	2	1	3	50	5	19	400.469893	3	15	8	3	400.65293	471.44275	440.24601	475.10762
12	1	2	2	1	3	50	5	29	438.7134112	4	15	8	3	438.68107	538.43208	484.73804	518.60542
12	1	2	2	1	3	100	1	9	342.3817992	2	33	8	4	342.4338	357.00768	346.43502	350.31228
12	1	2	2	1	3	100	1	19	377.5372541	4	36	8	5	377.56576	402.84165	381.88951	385.30767
12	1	2	2	1	3	100	1	29	404.8192204	4	36	8	5	404.96465	438.29522	409.3064	412.67369
12	1	2	2	1	3	100	3	9	473.5157171	0	21	8	2	473.54862	498.41976	488.76192	508.22475
12	1	2	2	1	3	100	3	19	528.7713703	3	22	8	3	528.59726	577.18577	546.55539	564.02277
12	1	2	2	1	3	100	3	29	566.2294623	3	23	8	4	566.34133	633.80461	585.66519	602.31304
12	1	2	2	1	3	100	5	9	531.0039226	-1	18	8	2	530.94236	556.71908	552.28797	587.12609
12	1	2	2	1	3	100	5	19	604.6721712	2	19	8	3	604.67982	663.76507	636.12145	672.01385
12	1	2	2	1	3	100	5	29	649.9289304	3	19	8	3	649.99996	736.88686	685.69821	719.55699
12	1	2	2	1	3	200	1	9	508.1023403	-1	61	8	4	507.96837	515.55942	510.03971	512.07997
12	1	2	2	1	3	200	1	19	566.1337473	2	64	8	5	566.07495	580.26985	568.38214	570.41115
12	1	2	2	1	3	200	1	29	599.7942803	3	66	8	5	599.99087	618.11326	602.15149	604.23058
12	1	2	2	1	3	200	3	9	692.202614	-2	28	8	2	692.31114	709.41276	702.7107	716.33163
12	1	2	2	1	3	200	3	19	782.95698	1	32	8	3	782.92255	817.51623	795.23438	807.35904
12	1	2	2	1	3	200	3	29	830.564335	2	33	8	4	830.50509	879.20798	843.21288	854.87954
12	1	2	2	1	3	200	5	9	779.740486	-4	24	8	2	779.96876	798.13391	795.01335	820.83341
12	1	2	2	1	3	200	5	19	914.8920318	0	22	8	3	915.18489	964.48191	940.39625	970.47742
12	1	2	2	1	3	200	5	29	969.7653417	2	23	8	3	969.99543	1043.30946	998.71887	1027.99
12	1	2	3	1	2	50	1	9	262.9662504	4	28	10	5	263.01062	279.5087	267.86437	271.77656
12	1	2	3	1	2	50	1	19	306.7858056	6	28	10	6	306.83508	330.81194	312.16072	315.85189
12	1	2	3	1	2	50	1	29	343.6656347	7	29	10	6	343.45855	375.88316	349.36373	352.84457
12	1	2	3	1	2	50	3	9	359.5288095	3	18	10	4	359.56459	389.30365	377.27431	393.1516
12	1	2	3	1	2	50	3	19	423.0725233	5	19	10	5	423.00509	474.65165	444.46808	460.51065
12	1	2	3	1	2	50	3	29	470.9479882	6	20	10	5	471.04458	537.12543	493.84873	509.69052
12	1	2	3	1	2	50	5	9	405.5030464	3	15	10	3	405.72986	440.2859	433.90037	455.81667
12	1	2	3	1	2	50	5	19	483.258582	5	16	10	4	483.28618	547.04429	520.47641	544.02977
12	1	2	3	1	2	50	5	29	539.7704096	6	17	10	5	539.93123	621.03814	581.31268	605.48138
12	1	2	3	1	2	100	1	9	370.244469	4	35	10	5	370.27058	384.17108	373.83796	376.84076
12	1	2	3	1	2	100	1	19	417.9503047	6	38	10	6	418.01702	439.02779	421.57548	424.37792
12	1	2	3	1	2	100	1	29	456.558479	7	39	10	6	456.56621	482.19293	460.26602	462.84313
12	1	2	3	1	2	100	3	9	522.989988	2	22	10	4	523.27723	547.62718	537.18562	552.47761
12	1	2	3	1	2	100	3	19	597.407619	4	24	10	5	597.56305	641.34874	613.55902	627.28442
12	1	2	3	1	2	100	3	29	649.9472902	5	25	10	5	650.09915	707.21813	666.93585	680.10152
12	1	2	3	1	2	100	5	9	595.7273676	1	19	10	3	595.47276	623.28699	617.26924	644.69561
12	1	2	3	1	2	100	5	19	693.0037224	4	20	10	4	693.05161	750.01551	722.34287	749.86477
12	1	2	3	1	2	100	5	29	756.409351	5	20	10	5	755.89686	833.16707	788.50165	815.15644
12	1	2	3	1	2	200	1	9	543.6640557	0	63	10	5	543.84466	551.35093	545.69949	547.34455
12	1	2	3	1	2	200	1	19	606.4437939	4	66	10	6	606.41468	619.09585	608.29611	609.96354
12	1	2	3	1	2	200	1	29	651.1064915	5	68	10	6	651.18178	666.35922	652.97199	654.63777
12	1	2	3	1	2	200	3	9	757.28055	0	30	10	4	757.42955	774.57923	766.98659	777.48239
12	1	2	3	1	2	200	3	19	854.4547651	3	33	10	5	854.11273	886.99698	864.79975	874.36218
12	1	2	3	1	2	200	3	29	916.7251262	4	35	10	5	916.9075	961.82908	928.11347	937.18898
12	1	2	3	1	2	200	5	9	861.6499143	-3	25	10	3	861.80556	879.90123	875.92079	895.74592
12	1	2	3	1	2	200	5	19	1007.338107	2	24	10	4	1007.71881	1054.64045	1030.40373	1053.88087
12	1	2	3	1	2	200	5	29	1080.393672	4	25	10	5	1080.26798	1147.23913	1105.82318	1128.47103
12	1	2	4	1	1	50	1	9	291.8591121	6	30	11	6	291.86284	300.95617	294.79533	296.63216
12	1	2	4	1	1	50	1	19	348.2645447	8	31	11	7	348.29186	360.21398	351.38728	353.03672
12	1	2	4	1	1	50	1	29	396.6496287	9	31	11	8	396.60713	409.91697	399.86262	401.49464
12	1	2	4	1	1	50	3	9	411.8380259	5	19	11	5	411.78501	430.27146	422.90703	430.65846
12	1	2	4	1	1	50	3	19	495.5944704	7	21	11	6	495.99814	524.02124	508.82208	516.73692
12	1	2	4	1	1	50	3	29	558.8485374	8	22	11	7	558.8599	593.25651	572.79544	580.29272
12	1	2	4	1	1	50	5	9	472.8351633	4	16	11	4	472.90101	494.9934	490.66397	500.52442
12	1	2	4	1	1	50	5	19	578.7898425	7	18	11	5	578.87259	614.56561	601.77463	613.61478
12	1	2	4	1	1	50	5	29	654.4735407	8	18	11	6	653.96902	699.22961	679.67112	691.22536
12	1	2	4	1	1	100	1	9	399.1419364	6	37	11	6	399.09314	407.27864	401.25016	402.67715
12	1	2	4	1	1	100	1	19	459.4353979	8	40	11	7	459.33597	470.59499	461.43587	462.7523
12	1	2	4	1	1	100	1	29	509.3040446	9	41	11	8	509.67152	521.89415	511.76204	513.01756
12	1	2	4	1	1	100	3	9	577.1711119	4	24	11	5	577.30966	592.94491	585.92041	593.19406
12	1	2	4	1	1	100	3	19	671.3772737	6	26	11	6	671.48367	696.76659	681.05383	687.74114
12	1	2	4	1	1	100	3	29	739.0980739	7	27	11	7	739.1635	770.39969	749.2751	755.4566
12	1	2	4	1	1	100	5	9	666.3053133	2	20	11	4	666.25174	684.71839	680.32422	693.31608
12	1	2	4	1	1	100	5	19	790.9250548	5	21	11	5	791.11113	825.65332	809.15893	822.42208
12	1	2	4	1	1	100	5	29	873.8306135	7	22	11	6	873.42541	916.32366	893.30955	906.52553
12	1	2	4	1	1	200	1	9	572.6394168	2	65	11	6	572.5062	577.13859	573.60344	574.38688
12	1	2	4	1	1	200	1	19	647.3753229	6	68	11	7	647.82677	655.25216	648.93976	649.73726
12	1	2	4	1	1	200	1	29	702.9968276	7	70	11	8	702.65182	711.4597	703.66302	704.46963
12	1	2	4	1	1	200	3	9	812.7408955	1	31	11	5	813.30653	824.6702	819.2813	824.37626
12	1	2	4	1	1	200	3	19	929.3668519	5	35	11	6	929.09813	949.41407	935.5837	940.19033
12	1	2	4	1	1	200	3	29	1006.306635	6	36	11	7	1006.09709	1032.20144	1012.87489	1017.23643
12	1	2	4	1	1	200	5	9	947.2096178	-1	26	11	4	947.07683	959.02262	956.07705	965.79363
12	1	2	4	1	1	200	5	19	1107.228011	4	25	11	5	1107.18288	1137.52379	1121.68512	1133.10907
12	1	2	4	1	1	200	5	29	1199.337141	6	26	11	6	1199.69766	1239.03181	1215.32314	1226.35952
12	1	2	5	1	0	50	1	9	322.1931545	8	32	13	8	322.29705	322.29705	322.29705	322.29705
12	1	2	5	1	0	50	1	19	391.0775813	10	33	13	9	390.92483	390.92483	390.92483	390.92483
12	1	2	5	1	0	50	1	29	450.7020302	12	33	13	9	450.75018	450.75018	450.75018	450.75018
12	1	2	5	1	0	50	3	9	470.2057628	6	21	13	6	470.11813	470.11813	470.11813	470.11813
12	1	2	5	1	0	50	3	19	574.7250738	9	23	13	7	574.51348	574.51348	574.51348	574.51348
12	1	2	5	1	0	50	3	29	653.3710984	10	24	13	8	653.77462	653.77462	653.77462	653.77462
12	1	2	5	1	0	50	5	9	549.8250593	6	18	13	5	549.74122	549.74122	549.74122	549.74122
12	1	2	5	1	0	50	5	19	684.8228312	8	19	13	6	684.65558	684.65558	684.65558	684.65558
12	1	2	5	1	0	50	5	29	782.075764	9	20	13	7	782.00188	782.00188	782.00188	782.00188
12	1	2	5	1	0	100	1	9	429.1555299	8	39	13	8	429.11172	429.11172	429.11172	429.11172
12	1	2	5	1	0	100	1	19	501.8169078	10	42	13	9	502.25998	502.25998	502.25998	502.25998
12	1	2	5	1	0	100	1	29	562.8194554	11	43	13	9	562.84597	562.84597	562.84597	562.84597
12	1	2	5	1	0	100	3	9	635.3398867	5	25	13	6	635.39752	635.39752	635.39752	635.39752
12	1	2	5	1	0	100	3	19	750.3568186	8	28	13	7	750.2642	750.2642	750.2642	750.2642
12	1	2	5	1	0	100	3	29	833.136251	9	29	13	8	832.49106	832.49106	832.49106	832.49106
12	1	2	5	1	0	100	5	9	743.8921328	3	21	13	5	743.75691	743.75691	743.75691	743.75691
12	1	2	5	1	0	100	5	19	897.864503	7	23	13	6	898.63199	898.63199	898.63199	898.63199
12	1	2	5	1	0	100	5	29	1001.396897	8	24	13	7	1001.18896	1001.18896	1001.18896	1001.18896
12	1	2	5	1	0	200	1	9	602.2003548	4	67	13	8	602.25196	602.25196	602.25196	602.25196
12	1	2	5	1	0	200	1	19	688.8538501	8	70	13	9	688.87967	688.87967	688.87967	688.87967
12	1	2	5	1	0	200	1	29	755.3833634	9	72	13	9	755.48729	755.48729	755.48729	755.48729
12	1	2	5	1	0	200	3	9	871.2196781	3	33	13	6	871.47135	871.47135	871.47135	871.47135
12	1	2	5	1	0	200	3	19	1007.648772	6	37	13	7	1008.00604	1008.00604	1008.00604	1008.00604
12	1	2	5	1	0	200	3	29	1099.252158	8	38	13	8	1098.51247	1098.51247	1098.51247	1098.51247
12	1	2	5	1	0	200	5	9	1032.334473	0	27	13	5	1032.73498	1032.73498	1032.73498	1032.73498
12	1	2	5	1	0	200	5	19	1214.2388	5	27	13	6	1214.36626	1214.36626	1214.36626	1214.36626
12	1	2	5	1	0	200	5	29	1326.318188	7	28	13	7	1326.41489	1326.41489	1326.41489	1326.41489
12	2	2	0	1	5	50	1	9	184.0558821	5	33	0	0	183.97217	183.97217	183.97217	183.97217
12	2	2	0	1	5	50	1	19	204.1288468	7	34	0	0	204.10004	204.10004	204.10004	204.10004
12	2	2	0	1	5	50	1	29	219.3334025	7	34	0	0	219.41571	219.41571	219.41571	219.41571
12	2	2	0	1	5	50	3	9	236.7352674	4	22	0	0	236.6644	236.6644	236.6644	236.6644
12	2	2	0	1	5	50	3	19	265.4506201	6	23	0	0	265.31662	265.31662	265.31662	265.31662
12	2	2	0	1	5	50	3	29	285.7211115	7	23	0	0	286.0324	286.0324	286.0324	286.0324
12	2	2	0	1	5	50	5	9	260.8037536	4	19	0	0	260.64537	260.64537	260.64537	260.64537
12	2	2	0	1	5	50	5	19	294.686669	6	20	0	0	294.783	294.783	294.783	294.783
12	2	2	0	1	5	50	5	29	317.4511942	7	20	0	0	317.53149	317.53149	317.53149	317.53149
12	2	2	0	1	5	100	1	9	285.8273928	5	34	0	0	285.68945	285.68945	285.68945	285.68945
12	2	2	0	1	5	100	1	19	307.5325305	6	36	0	0	307.53625	307.53625	307.53625	307.53625
12	2	2	0	1	5	100	1	29	323.4696459	7	37	0	0	323.64477	323.64477	323.64477	323.64477
12	2	2	0	1	5	100	3	9	375.511738	2	28	0	0	375.4645	375.4645	375.4645	375.4645
12	2	2	0	1	5	100	3	19	415.310795	5	27	0	0	415.18949	415.18949	415.18949	415.18949
12	2	2	0	1	5	100	3	29	438.6770413	6	27	0	0	438.95629	438.95629	438.95629	438.95629
12	2	2	0	1	5	100	5	9	415.0774203	2	22	0	0	415.17152	415.17152	415.17152	415.17152
12	2	2	0	1	5	100	5	19	460.3732496	5	23	0	0	460.51919	460.51919	460.51919	460.51919
12	2	2	0	1	5	100	5	29	489.1338692	6	23	0	0	488.97079	488.97079	488.97079	488.97079
12	2	2	0	1	5	200	1	9	424.5601261	2	59	0	0	424.54536	424.54536	424.54536	424.54536
12	2	2	0	1	5	200	1	19	460.3551657	4	62	0	0	460.20231	460.20231	460.20231	460.20231
12	2	2	0	1	5	200	1	29	482.097647	5	64	0	0	482.2284	482.2284	482.2284	482.2284
12	2	2	0	1	5	200	3	9	580.2255691	2	30	0	0	580.19834	580.19834	580.19834	580.19834
12	2	2	0	1	5	200	3	19	630.1883031	4	32	0	0	630.21091	630.21091	630.21091	630.21091
12	2	2	0	1	5	200	3	29	660.955329	5	33	0	0	660.70018	660.70018	660.70018	660.70018
12	2	2	0	1	5	200	5	9	644.535374	0	27	0	0	644.58922	644.58922	644.58922	644.58922
12	2	2	0	1	5	200	5	19	721.0377671	3	29	0	0	721.11009	721.11009	721.11009	721.11009
12	2	2	0	1	5	200	5	29	764.2959389	4	30	0	0	764.30507	764.30507	764.30507	764.30507
12	2	2	1	1	4	50	1	9	225.416093	7	34	5	2	225.55085	235.37651	229.05501	232.38011
12	2	2	1	1	4	50	1	19	277.6313399	9	36	5	3	277.64587	294.7377	281.51675	284.42254
12	2	2	1	1	4	50	1	29	323.9823017	10	36	5	3	323.81671	347.15069	327.90201	330.64505
12	2	2	1	1	4	50	3	9	290.2786093	6	23	5	1	290.26634	306.51602	302.192	320.34842
12	2	2	1	1	4	50	3	19	355.156847	8	24	5	2	355.30671	386.34815	370.67405	387.07824
12	2	2	1	1	4	50	3	29	408.5628466	9	24	5	2	408.7571	452.26232	426.14637	441.73826
12	2	2	1	1	4	50	5	9	320.9745092	6	20	5	1	320.99226	339.24894	338.57661	372.81034
12	2	2	1	1	4	50	5	19	392.9958628	8	20	5	2	392.82859	429.31885	420.02281	451.07527
12	2	2	1	1	4	50	5	29	450.7641974	9	21	5	2	451.27696	502.47211	480.90688	512.62675
12	2	2	1	1	4	100	1	9	327.4504266	7	35	5	2	327.27903	336.71616	330.62446	333.80306
12	2	2	1	1	4	100	1	19	381.3346916	9	38	5	3	381.55124	397.63512	385.06958	387.86482
12	2	2	1	1	4	100	1	29	428.3801806	9	39	5	3	428.07194	448.83043	431.61186	434.26059
12	2	2	1	1	4	100	3	9	434.0238262	4	28	5	1	434.2233	447.47292	443.69211	457.94001
12	2	2	1	1	4	100	3	19	508.3169845	7	28	5	2	507.97658	535.71734	520.88568	534.88958
12	2	2	1	1	4	100	3	29	565.0029602	8	28	5	2	565.05348	604.00947	579.47379	592.69427
12	2	2	1	1	4	100	5	9	480.1119325	4	22	5	1	480.22786	496.49977	495.41753	526.50134
12	2	2	1	1	4	100	5	19	566.1447128	7	24	5	2	566.55086	599.20521	588.48102	615.67163
12	2	2	1	1	4	100	5	29	631.1588983	8	25	5	2	630.84261	677.88177	654.47389	680.59503
12	2	2	1	1	4	200	1	9	467.9124949	3	61	5	2	467.88847	472.8409	469.5476	471.21945
12	2	2	1	1	4	200	1	19	535.4433694	6	64	5	3	534.99163	543.79946	536.72187	538.30233
12	2	2	1	1	4	200	1	29	588.1381674	7	66	5	3	587.24678	598.72585	588.88588	590.4309
12	2	2	1	1	4	200	3	9	640.3162493	3	31	5	1	640.20154	651.50626	648.18091	660.1279
12	2	2	1	1	4	200	3	19	727.6905487	6	34	5	2	727.65719	749.08387	737.07906	747.53728
12	2	2	1	1	4	200	3	29	792.1459465	7	35	5	2	792.22696	822.54675	802.46192	812.0681
12	2	2	1	1	4	200	5	9	717.3488648	1	28	5	1	717.66927	729.60021	728.69186	751.39604
12	2	2	1	1	4	200	5	19	836.1561906	4	31	5	2	836.34484	860.89569	852.09619	871.52757
12	2	2	1	1	4	200	5	29	915.6557118	6	32	5	2	915.62087	951.5684	932.78509	951.81985
12	2	2	2	1	3	50	1	9	268.0618368	9	36	8	4	268.00738	281.49856	272.12911	276.19666
12	2	2	2	1	3	50	1	19	352.4661454	11	37	8	5	352.73425	375.51221	357.33214	360.94702
12	2	2	2	1	3	50	1	29	429.9615232	12	38	8	5	429.79868	457.88982	434.3495	437.91482
12	2	2	2	1	3	50	3	9	348.263262	8	24	8	2	348.37509	372.41805	364.23603	383.85105
12	2	2	2	1	3	50	3	19	449.8347578	10	25	8	3	449.54515	492.6514	468.79707	487.86642
12	2	2	2	1	3	50	3	29	537.1507333	11	25	8	4	536.59131	593.68216	557.98578	576.7476
12	2	2	2	1	3	50	5	9	387.1456603	7	21	8	2	387.05581	414.31789	411.13789	443.72527
12	2	2	2	1	3	50	5	19	499.9710521	9	22	8	3	500.10523	552.13711	532.44408	566.1836
12	2	2	2	1	3	50	5	29	594.4919606	11	22	8	3	594.71384	665.6664	631.4889	665.59904
12	2	2	2	1	3	100	1	9	370.2623807	9	37	8	4	370.14251	382.92881	374.03609	377.9204
12	2	2	2	1	3	100	1	19	456.3651899	11	40	8	5	456.36806	476.21793	460.40764	463.85575
12	2	2	2	1	3	100	1	29	534.5644886	12	41	8	5	535.01776	561.31496	538.98703	542.34075
12	2	2	2	1	3	100	3	9	495.0677884	6	29	8	2	495.25489	515.23048	507.81019	524.33092
12	2	2	2	1	3	100	3	19	605.6620491	9	29	8	3	605.58096	644.19143	621.66407	638.40229
12	2	2	2	1	3	100	3	29	696.3441764	10	29	8	4	696.04161	748.40372	713.31094	729.46573
12	2	2	2	1	3	100	5	9	550.8188017	6	23	8	2	550.87454	575.30666	571.48167	604.28338
12	2	2	2	1	3	100	5	19	679.292353	8	25	8	3	679.20643	726.36861	706.13389	738.0999
12	2	2	2	1	3	100	5	29	781.0329093	9	26	8	3	781.21927	846.83815	810.6927	841.53134
12	2	2	2	1	3	200	1	9	511.9171165	5	63	8	4	511.87932	518.90328	513.79802	515.85719
12	2	2	2	1	3	200	1	19	611.1746985	8	66	8	5	611.07542	623.14137	613.04173	615.00125
12	2	2	2	1	3	200	1	29	694.8028023	10	68	8	5	694.45394	709.44665	696.24329	698.21189
12	2	2	2	1	3	200	3	9	703.4585634	5	32	8	2	703.42541	720.16694	713.66657	727.35677
12	2	2	2	1	3	200	3	19	828.8944026	8	36	8	3	828.55422	858.83148	840.03203	852.36424
12	2	2	2	1	3	200	3	29	927.0370487	9	37	8	4	926.50351	967.77486	938.40157	950.13654
12	2	2	2	1	3	200	5	9	794.3912617	3	29	8	2	794.74372	812.56336	809.4831	835.10749
12	2	2	2	1	3	200	5	19	956.5258287	6	32	8	3	956.17265	992.03629	974.93564	998.34328
12	2	2	2	1	3	200	5	29	1072.25566	8	33	8	3	1072.17763	1125.87838	1094.39346	1118.60914
12	2	2	3	1	2	50	1	9	311.9554134	11	38	10	5	311.99327	324.11456	315.58102	318.76497
12	2	2	3	1	2	50	1	19	428.5734947	13	39	10	6	428.04737	446.66129	431.81051	434.78406
12	2	2	3	1	2	50	1	29	537.163818	14	40	10	6	537.4228	558.01077	541.22662	544.08566
12	2	2	3	1	2	50	3	9	410.5332011	9	25	10	4	410.25244	433.21702	424.86091	439.49359
12	2	2	3	1	2	50	3	19	550.2099201	12	26	10	5	550.26663	587.96814	567.80995	582.63849
12	2	2	3	1	2	50	3	29	671.8646678	13	27	10	5	671.70811	720.91299	690.49193	704.95902
12	2	2	3	1	2	50	5	9	460.1259	9	22	10	3	459.87584	486.40982	482.8958	505.54928
12	2	2	3	1	2	50	5	19	616.1507549	11	23	10	4	615.9806	664.24421	645.71466	669.54746
12	2	2	3	1	2	50	5	29	748.5777541	12	24	10	5	749.52897	813.19644	782.55466	806.37178
12	2	2	3	1	2	100	1	9	414.2422568	10	39	10	5	414.42321	426.08784	417.7237	420.82155
12	2	2	3	1	2	100	1	19	532.5192162	13	42	10	6	532.88931	549.79418	536.24471	539.06836
12	2	2	3	1	2	100	1	29	641.8181237	14	43	10	6	642.46921	662.38061	645.7589	648.38051
12	2	2	3	1	2	100	3	9	559.5284545	7	30	10	4	559.96437	579.77733	571.82544	584.94774
12	2	2	3	1	2	100	3	19	707.9157836	11	30	10	5	707.99594	742.76081	722.44001	735.53212
12	2	2	3	1	2	100	3	29	832.8929309	12	31	10	5	833.51452	878.26935	848.44964	861.03377
12	2	2	3	1	2	100	5	9	627.7922032	7	25	10	3	627.79002	651.84576	647.15081	671.04719
12	2	2	3	1	2	100	5	19	800.9951332	10	27	10	4	801.34091	844.88644	825.36778	849.87426
12	2	2	3	1	2	100	5	29	940.1712668	11	27	10	5	940.66896	999.32088	967.33985	990.80824
12	2	2	3	1	2	200	1	9	556.5504024	7	65	10	5	556.40821	562.95148	558.04317	559.6739
12	2	2	3	1	2	200	1	19	687.5085897	10	68	10	6	687.1797	698.13757	688.78315	690.39533
12	2	2	3	1	2	200	1	29	802.0273186	12	70	10	6	801.30045	814.39337	802.77418	804.34756
12	2	2	3	1	2	200	3	9	769.5375195	6	34	10	4	769.13431	785.45266	778.34284	788.9293
12	2	2	3	1	2	200	3	19	933.315699	9	37	10	5	933.4614	962.56142	943.63985	953.24149
12	2	2	3	1	2	200	3	29	1065.622399	11	39	10	5	1066.61619	1102.71307	1076.8753	1086.01523
12	2	2	3	1	2	200	5	9	875.8265752	4	31	10	3	875.72875	893.26633	889.49528	909.20454
12	2	2	3	1	2	200	5	19	1082.17555	8	33	10	4	1081.9643	1117.65105	1099.47554	1117.83082
12	2	2	3	1	2	200	5	29	1234.67386	9	34	10	5	1235.12677	1286.07252	1255.44298	1274.38872
12	2	2	4	1	1	50	1	9	357.0117998	13	39	11	6	357.28628	364.48871	359.48726	360.98088
12	2	2	4	1	1	50	1	19	505.8413205	15	41	11	7	505.63986	515.15373	507.81888	509.23236
12	2	2	4	1	1	50	1	29	645.4321568	16	42	11	8	645.16713	655.65092	647.29074	648.63786
12	2	2	4	1	1	50	3	9	477.490832	11	26	11	5	477.34504	491.97877	486.54136	493.48978
12	2	2	4	1	1	50	3	19	656.24286	13	28	11	6	656.48522	678.32458	667.18685	674.32542
12	2	2	4	1	1	50	3	29	812.430832	15	29	11	7	811.68561	838.41346	823.15348	829.95401
12	2	2	4	1	1	50	5	9	540.6602222	10	23	11	4	540.94191	557.95119	555.57517	566.23475
12	2	2	4	1	1	50	5	19	743.190438	13	24	11	5	742.45715	770.97843	761.16539	772.82836
12	2	2	4	1	1	50	5	29	913.6832267	14	25	11	6	913.97878	950.2282	934.33651	946.09795
12	2	2	4	1	1	100	1	9	459.3227466	12	41	11	6	459.2942	466.12025	461.28687	462.74431
12	2	2	4	1	1	100	1	19	609.7240992	15	44	11	7	609.1915	618.49941	611.1675	612.47133
12	2	2	4	1	1	100	1	29	750.0668675	16	45	11	8	751.0598	761.73267	752.94454	754.16066
12	2	2	4	1	1	100	3	9	627.6682631	9	31	11	5	627.94753	640.74832	635.28994	641.54011
12	2	2	4	1	1	100	3	19	814.7419251	12	32	11	6	814.40279	835.31723	823.00376	829.23202
12	2	2	4	1	1	100	3	29	974.2429211	14	33	11	7	974.4142	999.11437	983.34885	989.22922
12	2	2	4	1	1	100	5	9	710.7778558	8	26	11	4	710.90562	726.58371	723.32309	734.75596
12	2	2	4	1	1	100	5	19	929.7392026	11	28	11	5	929.02473	957.12991	944.13228	955.68124
12	2	2	4	1	1	100	5	29	1107.773241	13	29	11	6	1108.11173	1143.41198	1124.48849	1135.95097
12	2	2	4	1	1	200	1	9	601.6521071	9	66	11	6	601.8318	606.22839	602.86184	603.64596
12	2	2	4	1	1	200	1	19	764.3892842	12	70	11	7	764.64089	771.06422	765.56952	766.35799
12	2	2	4	1	1	200	1	29	909.7444647	14	72	11	8	909.23345	916.86306	910.05904	910.83782
12	2	2	4	1	1	200	3	9	838.5336322	8	35	11	5	838.37781	849.06693	844.15149	849.32292
12	2	2	4	1	1	200	3	19	1040.711209	11	39	11	6	1040.48556	1058.24296	1046.58694	1051.24093
12	2	2	4	1	1	200	3	29	1207.650043	13	41	11	7	1207.83081	1229.18351	1213.92033	1218.29811
12	2	2	4	1	1	200	5	9	961.2883534	5	32	11	4	960.96015	972.66132	969.80784	979.34936
12	2	2	4	1	1	200	5	19	1213.78579	9	35	11	5	1214.34028	1236.86459	1225.18175	1234.12666
12	2	2	4	1	1	200	5	29	1403.51924	11	35	11	6	1403.07061	1434.57708	1415.78054	1425.34582
12	2	2	5	1	0	50	1	9	403.0947489	14	41	13	8	403.30292	403.30292	403.30292	403.30292
12	2	2	5	1	0	50	1	19	584.0231405	17	44	13	9	584.06948	584.06948	584.06948	584.06948
12	2	2	5	1	0	50	1	29	754.5432202	18	45	13	9	754.17816	754.17816	754.17816	754.17816
12	2	2	5	1	0	50	3	9	549.2479113	12	28	13	6	549.01146	549.01146	549.01146	549.01146
12	2	2	5	1	0	50	3	19	767.6334431	15	30	13	7	767.35993	767.35993	767.35993	767.35993
12	2	2	5	1	0	50	3	29	958.2863198	17	30	13	8	958.14124	958.14124	958.14124	958.14124
12	2	2	5	1	0	50	5	9	629.3391955	11	24	13	5	629.57698	629.57698	629.57698	629.57698
12	2	2	5	1	0	50	5	19	879.9851336	14	26	13	6	880.36218	880.36218	880.36218	880.36218
12	2	2	5	1	0	50	5	29	1089.645641	16	27	13	7	1090.38166	1090.38166	1090.38166	1090.38166
12	2	2	5	1	0	100	1	9	505.3988245	14	43	13	8	505.84992	505.84992	505.84992	505.84992
12	2	2	5	1	0	100	1	19	687.7854666	17	46	13	9	687.35046	687.35046	687.35046	687.35046
12	2	2	5	1	0	100	1	29	859.0705601	18	47	13	9	859.08162	859.08162	859.08162	859.08162
12	2	2	5	1	0	100	3	9	699.4219576	10	33	13	6	699.49396	699.49396	699.49396	699.49396
12	2	2	5	1	0	100	3	19	925.8153608	14	34	13	7	926.04133	926.04133	926.04133	926.04133
12	2	2	5	1	0	100	3	29	1119.852203	16	35	13	8	1119.96769	1119.96769	1119.96769	1119.96769
12	2	2	5	1	0	100	5	9	800.0026824	10	27	13	5	799.82515	799.82515	799.82515	799.82515
12	2	2	5	1	0	100	5	19	1066.756801	13	30	13	6	1066.90284	1066.90284	1066.90284	1066.90284
12	2	2	5	1	0	100	5	29	1283.364669	15	31	13	7	1284.09623	1284.09623	1284.09623	1284.09623
12	2	2	5	1	0	200	1	9	647.2476088	11	68	13	8	647.07194	647.07194	647.07194	647.07194
12	2	2	5	1	0	200	1	19	841.7479489	14	72	13	9	841.87044	841.87044	841.87044	841.87044
12	2	2	5	1	0	200	1	29	1017.879832	16	74	13	9	1018.01216	1018.01216	1018.01216	1018.01216
12	2	2	5	1	0	200	3	9	910.4881419	9	37	13	6	910.60135	910.60135	910.60135	910.60135
12	2	2	5	1	0	200	3	19	1151.482109	13	41	13	7	1151.87731	1151.87731	1151.87731	1151.87731
12	2	2	5	1	0	200	3	29	1352.597857	15	43	13	8	1352.80595	1352.80595	1352.80595	1352.80595
12	2	2	5	1	0	200	5	9	1051.20294	6	33	13	5	1051.69319	1051.69319	1051.69319	1051.69319
12	2	2	5	1	0	200	5	19	1350.574453	11	36	13	6	1350.59863	1350.59863	1350.59863	1350.59863
12	2	2	5	1	0	200	5	29	1578.975609	13	37	13	7	1578.82536	1578.82536	1578.82536	1578.82536
12	3	2	0	1	5	50	1	9	235.7887529	12	37	0	0	235.80827	235.80827	235.80827	235.80827
12	3	2	0	1	5	50	1	19	326.6942403	14	39	0	0	326.54535	326.54535	326.54535	326.54535
12	3	2	0	1	5	50	1	29	412.5159447	15	40	0	0	412.90822	412.90822	412.90822	412.90822
12	3	2	0	1	5	50	3	9	291.5127755	11	28	0	0	291.18305	291.18305	291.18305	291.18305
12	3	2	0	1	5	50	3	19	392.7624979	13	29	0	0	392.50473	392.50473	392.50473	392.50473
12	3	2	0	1	5	50	3	29	484.7712568	14	29	0	0	484.75728	484.75728	484.75728	484.75728
12	3	2	0	1	5	50	5	9	315.8504098	10	25	0	0	315.92629	315.92629	315.92629	315.92629
12	3	2	0	1	5	50	5	19	425.0689284	12	26	0	0	425.72811	425.72811	425.72811	425.72811
12	3	2	0	1	5	50	5	29	521.5455653	13	27	0	0	521.46165	521.46165	521.46165	521.46165
12	3	2	0	1	5	100	1	9	336.3635921	9	38	0	0	336.34974	336.34974	336.34974	336.34974
12	3	2	0	1	5	100	1	19	428.1855286	12	40	0	0	428.3177	428.3177	428.3177	428.3177
12	3	2	0	1	5	100	1	29	514.5474365	14	41	0	0	514.62786	514.62786	514.62786	514.62786
12	3	2	0	1	5	100	3	9	409.8528948	9	33	0	0	410.13724	410.13724	410.13724	410.13724
12	3	2	0	1	5	100	3	19	523.2418988	11	35	0	0	522.6187	522.6187	522.6187	522.6187
12	3	2	0	1	5	100	3	29	620.7418084	12	36	0	0	621.61839	621.61839	621.61839	621.61839
12	3	2	0	1	5	100	5	9	454.6039016	8	29	0	0	454.68489	454.68489	454.68489	454.68489
12	3	2	0	1	5	100	5	19	577.5259855	11	29	0	0	577.4003	577.4003	577.4003	577.4003
12	3	2	0	1	5	100	5	29	678.8191897	12	29	0	0	678.84656	678.84656	678.84656	678.84656
12	3	2	0	1	5	200	1	9	446.6091737	8	61	0	0	446.88324	446.88324	446.88324	446.88324
12	3	2	0	1	5	200	1	19	550.2344414	11	64	0	0	550.38921	550.38921	550.38921	550.38921
12	3	2	0	1	5	200	1	29	641.853839	12	66	0	0	641.52431	641.52431	641.52431	641.52431
12	3	2	0	1	5	200	3	9	610.7794563	7	34	0	0	610.50704	610.50704	610.50704	610.50704
12	3	2	0	1	5	200	3	19	727.9661316	11	36	0	0	727.94789	727.94789	727.94789	727.94789
12	3	2	0	1	5	200	3	29	828.1873311	12	38	0	0	828.155	828.155	828.155	828.155
12	3	2	0	1	5	200	5	9	661.7447675	7	31	0	0	661.70984	661.70984	661.70984	661.70984
12	3	2	0	1	5	200	5	19	801.6718289	9	34	0	0	802.05578	802.05578	802.05578	802.05578
12	3	2	0	1	5	200	5	29	914.8334921	11	35	0	0	915.5018	915.5018	915.5018	915.5018
12	3	2	1	1	4	50	1	9	293.5801406	14	39	5	2	293.65339	302.07532	296.79711	300.13827
12	3	2	1	1	4	50	1	19	436.4138664	16	41	5	3	436.27505	450.40212	439.73784	442.5751
12	3	2	1	1	4	50	1	29	573.2635505	17	42	5	3	573.33097	591.50672	576.77265	579.49448
12	3	2	1	1	4	50	3	9	360.5446567	12	29	5	1	360.47752	374.10253	370.7911	387.30409
12	3	2	1	1	4	50	3	19	517.6024449	15	30	5	2	517.82531	542.46698	530.88493	546.06976
12	3	2	1	1	4	50	3	29	663.1656438	16	31	5	2	663.41183	696.32132	677.33421	691.86945
12	3	2	1	1	4	50	5	9	392.1750079	12	26	5	1	392.06574	406.8297	406.55808	436.16964
12	3	2	1	1	4	50	5	19	559.6633307	14	27	5	2	559.91387	588.30956	582.20875	610.04483
12	3	2	1	1	4	50	5	29	711.296736	15	28	5	2	711.05933	750.51702	735.00929	763.34099
12	3	2	1	1	4	100	1	9	394.2986867	11	40	5	2	394.32868	402.44272	397.3641	400.61975
12	3	2	1	1	4	100	1	19	538.0343601	14	42	5	3	537.43838	550.73477	540.71106	543.4856
12	3	2	1	1	4	100	1	29	675.4101808	16	43	5	3	675.89711	692.95578	679.13327	681.77263
12	3	2	1	1	4	100	3	9	483.4212641	10	34	5	1	483.48469	494.57026	491.45785	503.70847
12	3	2	1	1	4	100	3	19	652.9174131	13	36	5	2	653.21509	673.84719	663.06937	674.69179
12	3	2	1	1	4	100	3	29	803.4962474	14	37	5	2	803.596	831.81503	814.16546	824.94313
12	3	2	1	1	4	100	5	9	536.1913847	9	30	5	1	536.16073	549.12847	548.37967	573.93776
12	3	2	1	1	4	100	5	19	716.6067166	13	30	5	2	716.89848	744.16082	736.45886	761.35879
12	3	2	1	1	4	100	5	29	873.5495052	14	30	5	2	872.21122	910.46802	893.29167	918.43674
12	3	2	1	1	4	200	1	9	506.1997351	10	62	5	2	505.87028	510.52346	507.42912	509.10056
12	3	2	1	1	4	200	1	19	661.506712	13	66	5	3	661.32699	668.83142	662.78966	664.33653
12	3	2	1	1	4	200	1	29	803.9564012	14	67	5	3	803.4073	813.72521	804.87244	806.39086
12	3	2	1	1	4	200	3	9	684.7292287	9	35	5	1	684.68381	695.27357	692.27057	704.24972
12	3	2	1	1	4	200	3	19	858.4777694	13	38	5	2	858.3545	877.74248	867.26641	877.77819
12	3	2	1	1	4	200	3	29	1012.386301	14	39	5	2	1011.88827	1038.1005	1021.23081	1030.95343
12	3	2	1	1	4	200	5	9	746.7220647	8	33	5	1	746.48826	757.70901	756.95043	779.2736
12	3	2	1	1	4	200	5	19	948.4693445	11	36	5	2	948.88927	970.97449	963.56721	982.27454
12	3	2	1	1	4	200	5	29	1117.203211	12	37	5	2	1116.57611	1147.20098	1131.57385	1149.75924
12	3	2	2	1	3	50	1	9	352.5635728	16	41	8	4	352.85944	364.46431	356.64901	360.63179
12	3	2	2	1	3	50	1	19	547.3866606	18	43	8	5	547.44985	565.57357	551.39327	554.89452
12	3	2	2	1	3	50	1	29	735.2344388	19	44	8	5	734.87234	756.3625	738.66592	742.09744
12	3	2	2	1	3	50	3	9	433.483466	14	30	8	2	433.65014	453.31901	447.07364	465.06836
12	3	2	2	1	3	50	3	19	647.7082917	16	31	8	3	648.18254	682.38634	664.17142	681.68075
12	3	2	2	1	3	50	3	29	846.9509175	18	32	8	4	846.71478	891.13959	864.0455	880.85338
12	3	2	2	1	3	50	5	9	473.8801626	13	27	8	2	473.541	495.31893	493.19494	522.85106
12	3	2	2	1	3	50	5	19	701.8544281	16	28	8	3	701.31486	741.50822	728.51407	759.30962
12	3	2	2	1	3	50	5	29	909.2631631	17	29	8	3	909.37536	963.16108	938.76629	970.70025
12	3	2	2	1	3	100	1	9	453.3653908	13	41	8	4	453.33005	464.94734	457.06735	460.94223
12	3	2	2	1	3	100	1	19	649.0877109	16	44	8	5	649.41024	666.38522	653.15508	656.54929
12	3	2	2	1	3	100	1	29	837.4793199	18	45	8	5	837.11082	858.55052	840.75455	844.04442
12	3	2	2	1	3	100	3	9	559.8372828	12	36	8	2	559.57893	575.75994	569.80443	584.03037
12	3	2	2	1	3	100	3	19	786.0102004	15	38	8	3	786.15845	815.40059	798.17261	811.67061
12	3	2	2	1	3	100	3	29	990.1281419	16	38	8	4	990.33135	1029.02141	1003.1357	1016.30363
12	3	2	2	1	3	100	5	9	621.9905975	11	30	8	2	622.26437	642.40547	639.68858	668.55375
12	3	2	2	1	3	100	5	19	862.524666	14	31	8	3	862.6333	901.9386	886.17551	914.84012
12	3	2	2	1	3	100	5	29	1075.912551	16	32	8	3	1076.46792	1129.41496	1101.72568	1130.33729
12	3	2	2	1	3	200	1	9	566.3709914	12	64	8	4	566.4727	573.03208	568.28039	570.32592
12	3	2	2	1	3	200	1	19	773.3642448	15	68	8	5	773.15762	783.34162	774.81296	776.74486
12	3	2	2	1	3	200	1	29	966.6188651	16	69	8	5	966.6824	980.45392	968.30447	970.22212
12	3	2	2	1	3	200	3	9	761.4873825	11	37	8	2	761.42486	776.97875	771.20069	784.79663
12	3	2	2	1	3	200	3	19	992.4583344	14	40	8	3	992.14751	1019.24474	1002.98007	1015.31445
12	3	2	2	1	3	200	3	29	1200.027648	16	41	8	4	1201.28213	1237.0922	1212.24407	1224.05515
12	3	2	2	1	3	200	5	9	835.4447498	10	34	8	2	835.7214	852.52764	849.77247	874.57836
12	3	2	2	1	3	200	5	19	1099.87667	13	37	8	3	1099.49219	1131.26589	1116.64637	1139.1645
12	3	2	2	1	3	200	5	29	1325.573927	14	39	8	3	1324.82085	1368.63956	1343.33482	1364.7626
12	3	2	3	1	2	50	1	9	412.6585339	17	42	10	5	412.38612	422.90811	415.64704	418.79271
12	3	2	3	1	2	50	1	19	659.5085086	20	45	10	6	659.16081	674.35131	662.34399	665.21253
12	3	2	3	1	2	50	1	29	898.3290827	21	46	10	6	900.06074	917.47437	903.20091	905.89871
12	3	2	3	1	2	50	3	9	510.400564	16	31	10	4	510.54268	529.62664	523.05391	535.96093
12	3	2	3	1	2	50	3	19	782.1955788	18	33	10	5	781.25491	812.31478	795.68071	808.73455
12	3	2	3	1	2	50	3	29	1035.597578	19	34	10	5	1035.58926	1073.89594	1050.39416	1063.63055
12	3	2	3	1	2	50	5	9	561.5017975	15	28	10	3	561.00531	582.18357	580.01165	601.41125
12	3	2	3	1	2	50	5	19	852.2220991	17	29	10	4	852.38625	890.54737	876.62426	899.28682
12	3	2	3	1	2	50	5	29	1116.988479	19	30	10	5	1117.65071	1165.57292	1145.24619	1167.93036
12	3	2	3	1	2	100	1	9	513.48048	15	43	10	5	513.4523	523.61141	516.58944	519.68929
12	3	2	3	1	2	100	1	19	761.2298028	19	46	10	6	762.45077	776.89856	765.50676	768.28076
12	3	2	3	1	2	100	1	29	1000.615976	20	47	10	6	1000.9247	1018.39749	1003.94157	1006.49722
12	3	2	3	1	2	100	3	9	639.203562	13	37	10	4	639.07215	654.96714	648.47328	659.34006
12	3	2	3	1	2	100	3	19	922.5297804	16	39	10	5	922.19019	949.35354	933.06276	943.71368
12	3	2	3	1	2	100	3	29	1180.518223	18	40	10	5	1181.15214	1215.73087	1192.29836	1202.74569
12	3	2	3	1	2	100	5	9	712.3951082	12	31	10	3	712.69508	732.62585	729.13605	749.87828
12	3	2	3	1	2	100	5	19	1015.552294	16	32	10	4	1016.1336	1052.95332	1037.38962	1059.66016
12	3	2	3	1	2	100	5	29	1285.888329	18	33	10	5	1287.07768	1336.23268	1310.23386	1331.71742
12	3	2	3	1	2	200	1	9	627.1444535	14	66	10	5	627.21142	633.3775	628.74793	630.37206
12	3	2	3	1	2	200	1	19	885.7586027	17	70	10	6	886.66485	895.80632	888.00879	889.58813
12	3	2	3	1	2	200	1	29	1129.773393	18	72	10	6	1128.47996	1139.45559	1129.71178	1131.18415
12	3	2	3	1	2	200	3	9	841.2598622	13	38	10	4	841.18805	856.42649	850.12199	860.54354
12	3	2	3	1	2	200	3	19	1129.892754	16	41	10	5	1129.54395	1154.78412	1139.1429	1148.77067
12	3	2	3	1	2	200	3	29	1390.927087	18	43	10	5	1390.53863	1423.21148	1400.12378	1409.35189
12	3	2	3	1	2	200	5	9	928.6021071	11	35	10	3	928.15985	944.90201	941.39122	960.20675
12	3	2	3	1	2	200	5	19	1256.736255	14	39	10	4	1256.23661	1287.09755	1271.80198	1289.17664
12	3	2	3	1	2	200	5	29	1539.276787	16	40	10	5	1539.92992	1580.82804	1556.55059	1573.1019
12	3	2	4	1	1	50	1	9	473.8515076	19	44	11	6	474.32454	480.40872	476.24861	477.7327
12	3	2	4	1	1	50	1	19	772.6289319	22	47	11	7	772.45278	780.8428	774.31245	775.63301
12	3	2	4	1	1	50	1	29	1062.367552	23	48	11	8	1060.88627	1070.16888	1062.66466	1063.92703
12	3	2	4	1	1	50	3	9	591.7328352	17	33	11	5	591.57579	603.42879	599.32257	605.69013
12	3	2	4	1	1	50	3	19	921.5586011	20	35	11	6	921.67532	939.61341	930.14133	936.59691
12	3	2	4	1	1	50	3	29	1229.094404	21	36	11	7	1228.57777	1250.01138	1237.48887	1243.63472
12	3	2	4	1	1	50	5	9	655.475328	16	29	11	4	655.7995	669.57598	667.88834	677.72777
12	3	2	4	1	1	50	5	19	1010.442975	19	31	11	5	1009.87445	1033.22583	1024.97727	1035.90993
12	3	2	4	1	1	50	5	29	1333.501704	20	32	11	6	1333.84736	1362.56171	1350.1885	1361.34955
12	3	2	4	1	1	100	1	9	574.6825424	17	45	11	6	574.83595	580.74589	576.70403	578.17296
12	3	2	4	1	1	100	1	19	874.3198855	21	48	11	7	875.12514	882.98259	876.86405	878.16996
12	3	2	4	1	1	100	1	29	1164.636177	22	49	11	8	1164.35934	1173.05006	1166.01449	1167.2098
12	3	2	4	1	1	100	3	9	721.6530172	15	39	11	5	721.82432	731.87453	727.57505	732.93956
12	3	2	4	1	1	100	3	19	1062.770163	18	41	11	6	1062.57657	1078.7963	1068.93865	1074.06236
12	3	2	4	1	1	100	3	29	1374.527049	20	42	11	7	1374.78314	1394.55244	1381.4972	1386.3588
12	3	2	4	1	1	100	5	9	808.0408266	14	32	11	4	808.2464	821.35625	818.94231	829.1679
12	3	2	4	1	1	100	5	19	1175.607185	18	34	11	5	1175.18942	1198.16384	1188.14516	1198.77788
12	3	2	4	1	1	100	5	29	1503.505344	19	35	11	6	1503.61653	1531.84542	1517.32516	1527.9948
12	3	2	4	1	1	200	1	9	688.4856137	16	68	11	6	688.81548	692.625	689.72712	690.52652
12	3	2	4	1	1	200	1	19	998.6309519	19	72	11	7	998.89112	1004.28009	999.66665	1000.43035
12	3	2	4	1	1	200	1	29	1293.341032	21	74	11	8	1293.63296	1299.91436	1294.31279	1295.0583
12	3	2	4	1	1	200	3	9	923.7865732	14	40	11	5	924.18005	933.92705	929.68163	934.82825
12	3	2	4	1	1	200	3	19	1270.363908	18	43	11	6	1270.02144	1285.96966	1275.79389	1280.41717
12	3	2	4	1	1	200	3	29	1585.043479	19	45	11	7	1584.66454	1603.43653	1590.36813	1594.75914
12	3	2	4	1	1	200	5	9	1026.051158	12	36	11	4	1025.92936	1036.98712	1034.41782	1043.50151
12	3	2	4	1	1	200	5	19	1418.590364	16	40	11	5	1419.34062	1438.87927	1428.92618	1437.43709
12	3	2	4	1	1	200	5	29	1758.330414	18	42	11	6	1758.42142	1783.56152	1768.38557	1776.66383
12	3	2	5	1	0	50	1	9	536.0089039	21	46	13	8	536.34539	536.34539	536.34539	536.34539
12	3	2	5	1	0	50	1	19	886.5451418	24	49	13	9	886.53623	886.53623	886.53623	886.53623
12	3	2	5	1	0	50	1	29	1227.079154	25	50	13	9	1226.88687	1226.88687	1226.88687	1226.88687
12	3	2	5	1	0	50	3	9	676.7707701	19	34	13	6	677.31017	677.31017	677.31017	677.31017
12	3	2	5	1	0	50	3	19	1065.346538	22	37	13	7	1064.27381	1064.27381	1064.27381	1064.27381
12	3	2	5	1	0	50	3	29	1426.659471	23	38	13	8	1425.76884	1425.76884	1425.76884	1425.76884
12	3	2	5	1	0	50	5	9	756.2746667	17	31	13	5	756.77932	756.77932	756.77932	756.77932
12	3	2	5	1	0	50	5	19	1177.461747	21	32	13	6	1177.7068	1177.7068	1177.7068	1177.7068
12	3	2	5	1	0	50	5	29	1557.774627	22	34	13	7	1558.48835	1558.48835	1558.48835	1558.48835
12	3	2	5	1	0	100	1	9	636.8349088	19	47	13	8	636.87696	636.87696	636.87696	636.87696
12	3	2	5	1	0	100	1	19	988.1736057	22	50	13	9	987.57087	987.57087	987.57087	987.57087
12	3	2	5	1	0	100	1	29	1329.249981	24	51	13	9	1329.2423	1329.2423	1329.2423	1329.2423
12	3	2	5	1	0	100	3	9	806.9400774	16	40	13	6	806.85922	806.85922	806.85922	806.85922
12	3	2	5	1	0	100	3	19	1206.276523	20	42	13	7	1205.33631	1205.33631	1205.33631	1205.33631
12	3	2	5	1	0	100	3	29	1571.692755	22	44	13	8	1570.76505	1570.76505	1570.76505	1570.76505
12	3	2	5	1	0	100	5	9	909.0775429	15	33	13	5	908.47497	908.47497	908.47497	908.47497
12	3	2	5	1	0	100	5	19	1342.189528	19	36	13	6	1341.70542	1341.70542	1341.70542	1341.70542
12	3	2	5	1	0	100	5	29	1728.311096	21	37	13	7	1726.967	1726.967	1726.967	1726.967
12	3	2	5	1	0	200	1	9	750.3193545	17	70	13	8	749.9737	749.9737	749.9737	749.9737
12	3	2	5	1	0	200	1	19	1111.913783	21	74	13	9	1112.55191	1112.55191	1112.55191	1112.55191
12	3	2	5	1	0	200	1	29	1457.261446	23	76	13	9	1457.37294	1457.37294	1457.37294	1457.37294
12	3	2	5	1	0	200	3	9	1009.224132	16	41	13	6	1009.1909	1009.1909	1009.1909	1009.1909
12	3	2	5	1	0	200	3	19	1413.490217	20	45	13	7	1413.51723	1413.51723	1413.51723	1413.51723
12	3	2	5	1	0	200	3	29	1782.038693	21	47	13	8	1783.1382	1783.1382	1783.1382	1783.1382
12	3	2	5	1	0	200	5	9	1127.656605	13	38	13	5	1127.81124	1127.81124	1127.81124	1127.81124
12	3	2	5	1	0	200	5	19	1585.533373	17	42	13	6	1586.10269	1586.10269	1586.10269	1586.10269
12	3	2	5	1	0	200	5	29	1982.729915	19	44	13	7	1983.13622	1983.13622	1983.13622	1983.13622
12	4	2	0	1	5	50	1	9	342.1508377	19	41	0	0	342.39588	342.39588	342.39588	342.39588
12	4	2	0	1	5	50	1	19	562.7996784	21	43	0	0	563.00618	563.00618	563.00618	563.00618
12	4	2	0	1	5	50	1	29	778.7209386	22	44	0	0	778.69233	778.69233	778.69233	778.69233
12	4	2	0	1	5	50	3	9	395.8641263	16	35	0	0	395.96407	395.96407	395.96407	395.96407
12	4	2	0	1	5	50	3	19	629.7332635	19	36	0	0	629.8193	629.8193	629.8193	629.8193
12	4	2	0	1	5	50	3	29	852.9485845	20	36	0	0	853.04537	853.04537	853.04537	853.04537
12	4	2	0	1	5	50	5	9	421.8082369	16	31	0	0	421.49347	421.49347	421.49347	421.49347
12	4	2	0	1	5	50	5	19	662.6117623	19	32	0	0	662.39975	662.39975	662.39975	662.39975
12	4	2	0	1	5	50	5	29	890.8896656	20	33	0	0	891.04747	891.04747	891.04747	891.04747
12	4	2	0	1	5	100	1	9	422.9769164	15	60	0	0	423.18635	423.18635	423.18635	423.18635
12	4	2	0	1	5	100	1	19	650.8301793	18	63	0	0	650.99606	650.99606	650.99606	650.99606
12	4	2	0	1	5	100	1	29	869.6621057	20	64	0	0	870.61536	870.61536	870.61536	870.61536
12	4	2	0	1	5	100	3	9	500.8375455	16	37	0	0	501.07634	501.07634	501.07634	501.07634
12	4	2	0	1	5	100	3	19	742.0664112	18	40	0	0	741.67522	741.67522	741.67522	741.67522
12	4	2	0	1	5	100	3	29	969.6890938	19	41	0	0	970.20336	970.20336	970.20336	970.20336
12	4	2	0	1	5	100	5	9	539.3275125	14	35	0	0	539.20968	539.20968	539.20968	539.20968
12	4	2	0	1	5	100	5	19	796.1818688	17	37	0	0	796.22727	796.22727	796.22727	796.22727
12	4	2	0	1	5	100	5	29	1031.727283	18	37	0	0	1030.65926	1030.65926	1030.65926	1030.65926
12	4	2	0	1	5	200	1	9	526.8241883	15	62	0	0	526.54387	526.54387	526.54387	526.54387
12	4	2	0	1	5	200	1	19	758.0433439	18	65	0	0	758.55664	758.55664	758.55664	758.55664
12	4	2	0	1	5	200	1	29	978.6651073	19	67	0	0	978.13993	978.13993	978.13993	978.13993
12	4	2	0	1	5	200	3	9	686.1480709	10	52	0	0	685.83661	685.83661	685.83661	685.83661
12	4	2	0	1	5	200	3	19	943.0450872	15	41	0	0	943.68212	943.68212	943.68212	943.68212
12	4	2	0	1	5	200	3	29	1172.041068	17	42	0	0	1172.47735	1172.47735	1172.47735	1172.47735
12	4	2	0	1	5	200	5	9	739.9581236	12	36	0	0	739.87466	739.87466	739.87466	739.87466
12	4	2	0	1	5	200	5	19	1002.242138	16	38	0	0	1002.15168	1002.15168	1002.15168	1002.15168
12	4	2	0	1	5	200	5	29	1242.519229	18	40	0	0	1241.95206	1241.95206	1241.95206	1241.95206
12	4	2	1	1	4	50	1	9	416.3452165	21	43	5	2	416.58967	423.83899	419.47695	422.76629
12	4	2	1	1	4	50	1	19	708.7681578	23	45	5	3	708.73286	720.19955	711.8019	714.59563
12	4	2	1	1	4	50	1	29	995.6393362	24	46	5	3	995.18946	1009.95568	998.17536	1000.79303
12	4	2	1	1	4	50	3	9	481.5119607	18	36	5	1	481.9197	492.77595	490.20651	504.46203
12	4	2	1	1	4	50	3	19	790.369156	21	37	5	2	790.26884	810.10085	801.08336	814.40157
12	4	2	1	1	4	50	3	29	1086.551595	22	37	5	2	1086.10981	1112.73326	1097.72155	1110.83334
12	4	2	1	1	4	50	5	9	513.1431353	18	32	5	1	513.37704	525.23508	525.3895	551.69699
12	4	2	1	1	4	50	5	19	832.6223287	20	34	5	2	833.43184	856.1661	851.70905	875.74726
12	4	2	1	1	4	50	5	29	1136.025113	22	34	5	2	1135.78192	1166.66808	1155.28136	1180.25476
12	4	2	1	1	4	100	1	9	498.6814416	17	62	5	2	498.59022	503.25024	500.19129	502.02091
12	4	2	1	1	4	100	1	19	798.0275811	20	65	5	3	798.5546	806.15916	800.15689	801.8653
12	4	2	1	1	4	100	1	29	1087.594711	22	66	5	3	1088.14662	1098.12146	1089.69959	1091.39772
12	4	2	1	1	4	100	3	9	588.4868511	17	39	5	1	588.05419	597.80497	595.19644	607.22062
12	4	2	1	1	4	100	3	19	905.666272	20	41	5	2	905.8076	923.35068	914.36859	925.09484
12	4	2	1	1	4	100	3	29	1206.555254	21	43	5	2	1207.26929	1230.88341	1216.29686	1226.23156
12	4	2	1	1	4	100	5	9	635.71404	16	36	5	1	635.93605	646.80328	646.24253	668.28201
12	4	2	1	1	4	100	5	19	971.6633373	19	38	5	2	972.34472	993.5415	987.53246	1008.0296
12	4	2	1	1	4	100	5	29	1281.396769	20	38	5	2	1281.66378	1311.74722	1298.38333	1319.59492
12	4	2	1	1	4	200	1	9	602.7879577	17	64	5	2	603.00992	607.08719	604.38646	606.07315
12	4	2	1	1	4	200	1	19	905.4051498	20	67	5	3	905.47954	912.35279	906.82517	908.34974
12	4	2	1	1	4	200	1	29	1196.792586	21	69	5	3	1196.96772	1205.37482	1198.16171	1199.63496
12	4	2	1	1	4	200	3	9	778.3069867	12	53	5	1	777.77378	784.22606	782.3747	789.51728
12	4	2	1	1	4	200	3	19	1107.113913	17	42	5	2	1107.81169	1124.87711	1116.04703	1126.51327
12	4	2	1	1	4	200	3	29	1409.211078	20	44	5	2	1409.22578	1431.88319	1417.83118	1427.51025
12	4	2	1	1	4	200	5	9	836.9987048	14	37	5	1	837.70499	848.16821	847.53745	868.89635
12	4	2	1	1	4	200	5	19	1179.80467	18	40	5	2	1179.06957	1198.77979	1192.59118	1210.92148
12	4	2	1	1	4	200	5	29	1495.675964	19	41	5	2	1494.9071	1522.27382	1508.95483	1526.75001
12	4	2	2	1	3	50	1	9	491.7457038	22	45	8	4	491.94947	501.545	495.33095	499.26148
12	4	2	2	1	3	50	1	19	855.8974126	25	47	8	5	856.24225	870.99822	859.75544	863.17724
12	4	2	2	1	3	50	1	29	1213.693102	26	48	8	5	1214.98065	1233.05664	1218.32933	1221.63992
12	4	2	2	1	3	50	3	9	570.0674618	20	37	8	2	569.94071	585.78116	580.90997	596.62151
12	4	2	2	1	3	50	3	19	954.6392256	23	38	8	3	954.08805	981.37889	967.2047	982.95539
12	4	2	2	1	3	50	3	29	1324.360361	24	39	8	4	1324.36441	1359.7041	1338.44483	1353.53644
12	4	2	2	1	3	50	5	9	609.3735068	19	33	8	2	609.13132	626.63218	625.54102	652.26902
12	4	2	2	1	3	50	5	19	1008.962223	22	35	8	3	1009.11831	1041.01741	1030.93862	1058.73104
12	4	2	2	1	3	50	5	29	1388.302825	23	36	8	3	1389.38336	1432.27726	1412.51965	1440.77769
12	4	2	2	1	3	100	1	9	575.0453256	19	64	8	4	574.92696	581.40804	576.77078	579.00816
12	4	2	2	1	3	100	1	19	945.8712412	22	67	8	5	944.45994	954.57554	946.26793	948.38038
12	4	2	2	1	3	100	1	29	1306.171415	24	68	8	5	1305.86923	1318.89806	1307.59553	1309.70814
12	4	2	2	1	3	100	3	9	678.9041114	19	40	8	2	678.95268	693.42963	688.27611	701.7375
12	4	2	2	1	3	100	3	19	1072.682645	21	43	8	3	1071.57285	1095.62723	1081.79016	1094.53519
12	4	2	2	1	3	100	3	29	1446.663687	23	44	8	4	1446.71637	1479.3115	1457.57578	1469.50088
12	4	2	2	1	3	100	5	9	736.1941449	17	37	8	2	736.22991	752.48508	750.14324	773.89296
12	4	2	2	1	3	100	5	19	1151.810556	20	39	8	3	1151.77803	1182.42484	1170.17683	1194.96589
12	4	2	2	1	3	100	5	29	1537.02959	22	39	8	3	1537.46458	1579.53575	1558.12416	1583.76338
12	4	2	2	1	3	200	1	9	679.182066	19	65	8	4	679.06858	685.25842	680.76971	682.81727
12	4	2	2	1	3	200	1	19	1053.321579	22	69	8	5	1052.31892	1061.57401	1053.82948	1055.72334
12	4	2	2	1	3	200	1	29	1415.440009	23	71	8	5	1414.67986	1425.8872	1416.00986	1417.8581
12	4	2	2	1	3	200	3	9	872.0049656	13	55	8	2	872.39941	881.87542	878.2939	886.3381
12	4	2	2	1	3	200	3	19	1274.335391	19	44	8	3	1274.24112	1298.41938	1284.26	1296.56456
12	4	2	2	1	3	200	3	29	1649.776074	22	45	8	4	1648.17592	1678.84893	1658.38855	1669.96989
12	4	2	2	1	3	200	5	9	937.9541775	16	38	8	2	937.74969	953.41824	951.05319	974.33552
12	4	2	2	1	3	200	5	19	1362.205262	20	41	8	3	1363.08212	1391.89106	1379.23124	1401.0667
12	4	2	2	1	3	200	5	29	1754.037539	21	43	8	3	1755.02763	1793.39724	1771.80629	1792.87905
12	4	2	3	1	2	50	1	9	568.1350654	24	47	10	5	568.28537	577.24955	571.19994	574.305
12	4	2	3	1	2	50	1	19	1004.061558	27	49	10	6	1004.60525	1016.75575	1007.37646	1010.18123
12	4	2	3	1	2	50	1	29	1432.723886	28	50	10	6	1433.19302	1447.97287	1435.92361	1438.50255
12	4	2	3	1	2	50	3	9	662.0093079	21	38	10	4	661.51991	677.01827	671.83103	683.31596
12	4	2	3	1	2	50	3	19	1123.308521	25	39	10	5	1120.82462	1145.11156	1132.74888	1144.78407
12	4	2	3	1	2	50	3	29	1566.468127	26	40	10	5	1564.68208	1595.60246	1576.71976	1588.66594
12	4	2	3	1	2	50	5	9	710.8798317	21	34	10	3	711.52948	728.70166	727.26515	746.29651
12	4	2	3	1	2	50	5	19	1192.359646	24	36	10	4	1193.08817	1223.043	1212.82019	1233.48511
12	4	2	3	1	2	50	5	29	1647.840781	25	37	10	5	1649.75185	1689.06135	1671.72137	1692.01682
12	4	2	3	1	2	100	1	9	651.959325	21	65	10	5	651.70495	658.11673	653.35388	655.11865
12	4	2	3	1	2	100	1	19	1094.287997	24	68	10	6	1095.37039	1104.75715	1096.91795	1098.69293
12	4	2	3	1	2	100	1	29	1525.321429	26	70	10	6	1524.4052	1535.60964	1525.82445	1527.51753
12	4	2	3	1	2	100	3	9	772.399599	20	42	10	4	772.88287	787.03726	781.4932	791.6857
12	4	2	3	1	2	100	3	19	1242.912144	23	45	10	5	1243.64412	1266.21004	1252.70636	1262.511
12	4	2	3	1	2	100	3	29	1690.169388	25	46	10	5	1690.13327	1718.14524	1699.21678	1708.66146
12	4	2	3	1	2	100	5	9	840.7014717	18	38	10	3	840.88851	856.89168	854.04082	871.94216
12	4	2	3	1	2	100	5	19	1337.675743	22	40	10	4	1338.6615	1368.30492	1355.74034	1374.81851
12	4	2	3	1	2	100	5	29	1799.085078	24	41	10	5	1799.06375	1837.38058	1817.68645	1836.50087
12	4	2	3	1	2	200	1	9	756.1173544	21	67	10	5	755.97534	761.64903	757.39835	759.04418
12	4	2	3	1	2	200	1	19	1201.741789	24	71	10	6	1202.00288	1210.33723	1203.21228	1204.76309
12	4	2	3	1	2	200	1	29	1634.545928	25	73	10	6	1633.49258	1643.18612	1634.58893	1636.04573
12	4	2	3	1	2	200	3	9	967.4679258	15	56	10	4	967.49547	977.00595	972.93426	979.2867
12	4	2	3	1	2	200	3	19	1444.583977	21	46	10	5	1444.46824	1466.82991	1453.32347	1462.80373
12	4	2	3	1	2	200	3	29	1893.637364	23	47	10	5	1892.77889	1919.27503	1901.29268	1910.53489
12	4	2	3	1	2	200	5	9	1043.154223	17	40	10	3	1043.07625	1058.48254	1055.49585	1072.82941
12	4	2	3	1	2	200	5	19	1549.63529	21	43	10	4	1550.05173	1577.4104	1564.37131	1581.23373
12	4	2	3	1	2	200	5	29	2017.988684	23	45	10	5	2019.01441	2054.647	2034.12439	2050.25365
12	4	2	4	1	1	50	1	9	645.4448605	26	48	11	6	645.53793	651.09066	647.33987	648.79353
12	4	2	4	1	1	50	1	19	1153.097963	29	51	11	7	1153.1193	1159.70907	1154.70312	1156.02399
12	4	2	4	1	1	50	1	29	1652.566556	30	52	11	8	1653.6345	1661.6472	1655.19937	1656.38558
12	4	2	4	1	1	50	3	9	757.2774063	23	39	11	5	757.51661	767.22104	764.0138	769.74272
12	4	2	4	1	1	50	3	19	1295.987291	26	41	11	6	1295.58407	1310.60243	1302.7212	1308.48578
12	4	2	4	1	1	50	3	29	1812.599485	28	42	11	7	1811.79925	1829.17605	1819.06192	1824.60066
12	4	2	4	1	1	50	5	9	817.9552854	22	35	11	4	819.06373	830.27458	829.03837	837.87125
12	4	2	4	1	1	50	5	19	1382.498157	25	38	11	5	1382.56097	1401.40726	1394.54079	1404.64335
12	4	2	4	1	1	50	5	29	1914.982819	27	39	11	6	1911.83083	1934.67094	1924.6919	1934.94427
12	4	2	4	1	1	100	1	9	729.3819002	23	67	11	6	729.71218	733.61935	730.69675	731.55615
12	4	2	4	1	1	100	1	19	1243.225949	26	70	11	7	1244.00038	1249.50791	1244.89488	1245.74949
12	4	2	4	1	1	100	1	29	1744.959267	28	72	11	8	1744.05566	1750.37824	1744.83872	1745.67568
12	4	2	4	1	1	100	3	9	868.3383796	22	43	11	5	867.83088	876.84267	873.11643	878.1675
12	4	2	4	1	1	100	3	19	1415.963969	25	46	11	6	1416.63991	1430.61289	1422.13252	1426.90581
12	4	2	4	1	1	100	3	29	1936.812858	27	48	11	7	1936.2656	1952.61087	1941.77437	1946.17116
12	4	2	4	1	1	100	5	9	949.3685757	20	40	11	4	949.47083	959.85206	957.82381	966.58875
12	4	2	4	1	1	100	5	19	1528.966114	23	42	11	5	1529.42304	1547.79908	1539.68222	1549.02669
12	4	2	4	1	1	100	5	29	2066.670594	25	42	11	6	2065.72828	2089.68692	2077.10731	2086.36733
12	4	2	4	1	1	200	1	9	833.5901874	22	69	11	6	833.58011	837.12557	834.43699	835.23142
12	4	2	4	1	1	200	1	19	1350.606635	26	73	11	7	1350.94596	1355.89109	1351.66505	1352.41059
12	4	2	4	1	1	200	1	29	1854.038121	27	75	11	8	1854.56208	1860.23274	1855.17956	1855.89971
12	4	2	4	1	1	200	3	9	1064.64542	16	57	11	5	1064.62768	1070.90221	1068.07501	1071.21088
12	4	2	4	1	1	200	3	19	1617.828685	23	47	11	6	1617.15147	1630.60442	1622.41978	1627.05802
12	4	2	4	1	1	200	3	29	2140.270959	25	49	11	7	2139.40277	2155.49197	2144.56524	2148.88482
12	4	2	4	1	1	200	5	9	1152.265156	19	41	11	4	1152.03146	1162.12937	1159.99047	1168.53613
12	4	2	4	1	1	200	5	19	1741.866235	23	44	11	5	1743.0579	1760.46779	1752.03031	1760.30271
12	4	2	4	1	1	200	5	29	2286.727884	25	46	11	6	2285.21436	2306.8472	2294.19437	2302.18243
12	4	2	5	1	0	50	1	9	723.6215247	28	50	13	8	723.86758	723.86758	723.86758	723.86758
12	4	2	5	1	0	50	1	19	1302.827812	31	53	13	9	1302.84641	1302.84641	1302.84641	1302.84641
12	4	2	5	1	0	50	1	29	1872.975908	32	55	13	9	1873.70146	1873.70146	1873.70146	1873.70146
12	4	2	5	1	0	50	3	9	856.1484692	24	41	13	6	856.68801	856.68801	856.68801	856.68801
12	4	2	5	1	0	50	3	19	1471.978083	28	43	13	7	1472.91298	1472.91298	1472.91298	1472.91298
12	4	2	5	1	0	50	3	29	2062.137153	30	44	13	8	2060.43898	2060.43898	2060.43898	2060.43898
12	4	2	5	1	0	50	5	9	930.7693315	23	37	13	5	931.44644	931.44644	931.44644	931.44644
12	4	2	5	1	0	50	5	19	1579.101946	27	39	13	6	1578.68458	1578.68458	1578.68458	1578.68458
12	4	2	5	1	0	50	5	29	2188.963437	29	40	13	7	2189.69691	2189.69691	2189.69691	2189.69691
12	4	2	5	1	0	100	1	9	807.3525064	25	69	13	8	807.36404	807.36404	807.36404	807.36404
12	4	2	5	1	0	100	1	19	1392.619016	28	73	13	9	1393.21106	1393.21106	1393.21106	1393.21106
12	4	2	5	1	0	100	1	29	1964.971043	30	74	13	9	1967.6399	1967.6399	1967.6399	1967.6399
12	4	2	5	1	0	100	3	9	967.3710328	23	45	13	6	967.21165	967.21165	967.21165	967.21165
12	4	2	5	1	0	100	3	19	1591.836049	27	48	13	7	1591.14709	1591.14709	1591.14709	1591.14709
12	4	2	5	1	0	100	3	29	2186.077328	28	50	13	8	2186.55196	2186.55196	2186.55196	2186.55196
12	4	2	5	1	0	100	5	9	1062.370518	21	41	13	5	1062.48291	1062.48291	1062.48291	1062.48291
12	4	2	5	1	0	100	5	19	1725.688046	25	43	13	6	1724.75276	1724.75276	1724.75276	1724.75276
12	4	2	5	1	0	100	5	29	2340.037018	27	44	13	7	2339.63469	2339.63469	2339.63469	2339.63469
12	4	2	5	1	0	200	1	9	911.5455836	24	71	13	8	911.34464	911.34464	911.34464	911.34464
12	4	2	5	1	0	200	1	19	1499.848979	28	75	13	9	1498.51925	1498.51925	1498.51925	1498.51925
12	4	2	5	1	0	200	1	29	2073.852475	30	77	13	9	2075.00389	2075.00389	2075.00389	2075.00389
12	4	2	5	1	0	200	3	9	1163.630398	18	59	13	6	1163.5959	1163.5959	1163.5959	1163.5959
12	4	2	5	1	0	200	3	19	1793.842986	25	49	13	7	1793.03527	1793.03527	1793.03527	1793.03527
12	4	2	5	1	0	200	3	29	2389.402904	27	51	13	8	2388.60152	2388.60152	2388.60152	2388.60152
12	4	2	5	1	0	200	5	9	1265.324306	20	42	13	5	1265.09988	1265.09988	1265.09988	1265.09988
12	4	2	5	1	0	200	5	19	1938.67208	24	46	13	6	1937.20419	1937.20419	1937.20419	1937.20419
12	4	2	5	1	0	200	5	29	2559.969806	26	48	13	7	2559.72471	2559.72471	2559.72471	2559.72471
