N	L	T	lambda0	lambda1	lambda2	K	h	b	Cost	s	S
12	1	2	0	1	5	50	1	9	254.6198916	-2	19	
12	1	2	0	1	5	50	1	19	274.4078189	-1	20	
12	1	2	0	1	5	50	1	29	283.1179777	0	21	
12	1	2	0	1	5	50	3	9	381.2636451	-4	9	
12	1	2	0	1	5	50	3	19	422.2115597	-2	10	
12	1	2	0	1	5	50	3	29	444.2507803	-1	11	
12	1	2	0	1	5	50	5	9	446.9238905	-4	7	
12	1	2	0	1	5	50	5	19	508.1396397	-2	8	
12	1	2	0	1	5	50	5	29	539.64291	-1	8	
12	1	2	0	1	5	100	1	9	359.1205234	-3	29	
12	1	2	0	1	5	100	1	19	383.0423301	-1	31	
12	1	2	0	1	5	100	1	29	398.8771959	-1	31	
12	1	2	0	1	5	100	3	9	540.2371669	-5	14	
12	1	2	0	1	5	100	3	19	597.2288622	-2	16	
12	1	2	0	1	5	100	3	29	624.8061598	-1	17	
12	1	2	0	1	5	100	5	9	630.4821699	-6	10	
12	1	2	0	1	5	100	5	19	722.3054771	-3	11	
12	1	2	0	1	5	100	5	29	763.0338122	-2	12	
12	1	2	0	1	5	200	1	9	505.8655315	-6	56	
12	1	2	0	1	5	200	1	19	549.567942	-3	59	
12	1	2	0	1	5	200	1	29	572.3608092	-2	61	
12	1	2	0	1	5	200	3	9	755.4432229	-8	23	
12	1	2	0	1	5	200	3	19	840.4101166	-4	26	
12	1	2	0	1	5	200	3	29	879.3241267	-2	27	
12	1	2	0	1	5	200	5	9	876.346403	-10	15	
12	1	2	0	1	5	200	5	19	1025.252963	-4	16	
12	1	2	0	1	5	200	5	29	1083.178821	-3	17	
12	1	2	1	1	4	50	1	9	281.8494226	0	21	
12	1	2	1	1	4	50	1	19	305.0462074	1	23	
12	1	2	1	1	4	50	1	29	321.1618774	2	23	
12	1	2	1	1	4	50	3	9	416.9371423	-2	12	
12	1	2	1	1	4	50	3	19	477.5242844	0	13	
12	1	2	1	1	4	50	3	29	506.8521346	1	14	
12	1	2	1	1	4	50	5	9	486.2596554	-2	9	
12	1	2	1	1	4	50	5	19	578.9751762	0	10	
12	1	2	1	1	4	50	5	29	622.0345984	1	11	
12	1	2	1	1	4	100	1	9	389.1494972	-1	31	
12	1	2	1	1	4	100	1	19	420.2224717	1	33	
12	1	2	1	1	4	100	1	29	438.3215994	2	34	
12	1	2	1	1	4	100	3	9	576.2467971	-3	16	
12	1	2	1	1	4	100	3	19	664.0803185	0	19	
12	1	2	1	1	4	100	3	29	698.4720954	1	19	
12	1	2	1	1	4	100	5	9	671.2083324	-5	12	
12	1	2	1	1	4	100	5	19	794.9010137	-1	13	
12	1	2	1	1	4	100	5	29	856.8793735	0	14	
12	1	2	1	1	4	200	1	9	538.2241831	-4	58	
12	1	2	1	1	4	200	1	19	609.215648	-1	62	
12	1	2	1	1	4	200	1	29	638.7586186	0	63	
12	1	2	1	1	4	200	3	9	794.320929	-6	25	
12	1	2	1	1	4	200	3	19	905.7468265	-2	28	
12	1	2	1	1	4	200	3	29	976.2292456	-1	29	
12	1	2	1	1	4	200	5	9	924.3777978	-8	18	
12	1	2	1	1	4	200	5	19	1098.359319	-2	18	
12	1	2	1	1	4	200	5	29	1186.823261	-1	19	
12	1	2	2	1	3	50	1	9	294.7131628	2	24	
12	1	2	2	1	3	50	1	19	329.865631	4	25	
12	1	2	2	1	3	50	1	29	357.3683985	5	26	
12	1	2	2	1	3	50	3	9	443.9961638	0	14	
12	1	2	2	1	3	50	3	19	510.6565585	2	15	
12	1	2	2	1	3	50	3	29	553.7303115	3	16	
12	1	2	2	1	3	50	5	9	523.3679431	-1	11	
12	1	2	2	1	3	50	5	19	617.8218384	2	12	
12	1	2	2	1	3	50	5	29	676.1370071	3	13	
12	1	2	2	1	3	100	1	9	404.1044568	1	33	
12	1	2	2	1	3	100	1	19	443.5816163	3	35	
12	1	2	2	1	3	100	1	29	472.631087	4	36	
12	1	2	2	1	3	100	3	9	609.4397595	-1	19	
12	1	2	2	1	3	100	3	19	693.2538592	2	21	
12	1	2	2	1	3	100	3	29	740.8317257	3	22	
12	1	2	2	1	3	100	5	9	707.2600632	-3	14	
12	1	2	2	1	3	100	5	19	841.3415065	1	16	
12	1	2	2	1	3	100	5	29	906.3032844	2	16	
12	1	2	2	1	3	200	1	9	567.2806555	-2	60	
12	1	2	2	1	3	200	1	19	635.5290199	1	64	
12	1	2	2	1	3	200	1	29	670.8367766	2	65	
12	1	2	2	1	3	200	3	9	827.9619718	-4	27	
12	1	2	2	1	3	200	3	19	958.6388037	0	30	
12	1	2	2	1	3	200	3	29	1015.610802	2	32	
12	1	2	2	1	3	200	5	9	966.7138129	-6	20	
12	1	2	2	1	3	200	5	19	1166.169738	-1	20	
12	1	2	2	1	3	200	5	29	1241.724395	1	21	
12	1	2	3	1	2	50	1	9	307.3451224	4	27	
12	1	2	3	1	2	50	1	19	354.1883056	6	27	
12	1	2	3	1	2	50	1	29	392.4255546	7	28	
12	1	2	3	1	2	50	3	9	460.7615156	2	16	
12	1	2	3	1	2	50	3	19	541.918962	5	18	
12	1	2	3	1	2	50	3	29	597.9410283	6	19	
12	1	2	3	1	2	50	5	9	543.2428302	1	13	
12	1	2	3	1	2	50	5	19	655.0263807	4	14	
12	1	2	3	1	2	50	5	29	727.7693352	5	15	
12	1	2	3	1	2	100	1	9	415.7573604	3	35	
12	1	2	3	1	2	100	1	19	466.7140563	5	37	
12	1	2	3	1	2	100	1	29	506.6310623	6	38	
12	1	2	3	1	2	100	3	9	629.7073305	1	21	
12	1	2	3	1	2	100	3	19	721.9621148	4	23	
12	1	2	3	1	2	100	3	29	781.9875919	5	24	
12	1	2	3	1	2	100	5	9	741.639164	-1	17	
12	1	2	3	1	2	100	5	19	874.4295952	3	18	
12	1	2	3	1	2	100	5	29	953.8886938	4	19	
12	1	2	3	1	2	200	1	9	591.1028686	0	62	
12	1	2	3	1	2	200	1	19	656.8072144	3	66	
12	1	2	3	1	2	200	1	29	702.6867521	5	68	
12	1	2	3	1	2	200	3	9	859.2131422	-2	29	
12	1	2	3	1	2	200	3	19	984.3812187	2	32	
12	1	2	3	1	2	200	3	29	1053.715088	4	34	
12	1	2	3	1	2	200	5	9	1003.238298	-4	22	
12	1	2	3	1	2	200	5	19	1196.49218	1	22	
12	1	2	3	1	2	200	5	29	1285.559654	3	23	
12	1	2	4	1	1	50	1	9	319.7618106	6	29	
12	1	2	4	1	1	50	1	19	378.0456833	8	30	
12	1	2	4	1	1	50	1	29	427.0981981	9	31	
12	1	2	4	1	1	50	3	9	477.223212	4	18	
12	1	2	4	1	1	50	3	19	572.0933502	7	20	
12	1	2	4	1	1	50	3	29	640.1787185	8	21	
12	1	2	4	1	1	50	5	9	562.5828981	3	15	
12	1	2	4	1	1	50	5	19	690.7550058	6	17	
12	1	2	4	1	1	50	5	29	777.7474136	7	18	
12	1	2	4	1	1	100	1	9	427.3189831	5	37	
12	1	2	4	1	1	100	1	19	489.5057129	8	39	
12	1	2	4	1	1	100	1	29	540.1420444	9	41	
12	1	2	4	1	1	100	3	9	644.4054257	3	23	
12	1	2	4	1	1	100	3	19	750.1335558	6	25	
12	1	2	4	1	1	100	3	29	822.4065056	7	26	
12	1	2	4	1	1	100	5	9	760.4122287	1	19	
12	1	2	4	1	1	100	5	19	906.8756944	5	20	
12	1	2	4	1	1	100	5	29	1000.329612	6	21	
12	1	2	4	1	1	200	1	9	601.5501343	2	64	
12	1	2	4	1	1	200	1	19	678.0134605	5	68	
12	1	2	4	1	1	200	1	29	734.3069981	7	70	
12	1	2	4	1	1	200	3	9	882.1853212	0	31	
12	1	2	4	1	1	200	3	19	1009.998589	4	35	
12	1	2	4	1	1	200	3	29	1091.224959	6	36	
12	1	2	4	1	1	200	5	9	1036.103809	-2	25	
12	1	2	4	1	1	200	5	19	1226.343136	3	24	
12	1	2	4	1	1	200	5	29	1328.720485	5	26	
12	1	2	5	1	0	50	1	9	331.8739616	8	32	
12	1	2	5	1	0	50	1	19	401.3266091	10	33	
12	1	2	5	1	0	50	1	29	461.1550408	12	33	
12	1	2	5	1	0	50	3	9	493.3781123	6	21	
12	1	2	5	1	0	50	3	19	601.7753244	9	22	
12	1	2	5	1	0	50	3	29	681.9447752	10	23	
12	1	2	5	1	0	50	5	9	581.8064737	5	17	
12	1	2	5	1	0	50	5	19	725.2821552	8	19	
12	1	2	5	1	0	50	5	29	825.8711185	9	20	
12	1	2	5	1	0	100	1	9	438.8149165	7	39	
12	1	2	5	1	0	100	1	19	512.1085445	10	42	
12	1	2	5	1	0	100	1	29	573.3118148	11	43	
12	1	2	5	1	0	100	3	9	658.9945791	5	25	
12	1	2	5	1	0	100	3	19	777.8191544	8	27	
12	1	2	5	1	0	100	3	29	862.1457646	9	29	
12	1	2	5	1	0	100	5	9	777.0227256	3	21	
12	1	2	5	1	0	100	5	19	938.8579602	7	22	
12	1	2	5	1	0	100	5	29	1045.858658	8	23	
12	1	2	5	1	0	200	1	9	611.9802645	4	66	
12	1	2	5	1	0	200	1	19	699.1891699	7	70	
12	1	2	5	1	0	200	1	29	765.9211599	9	72	
12	1	2	5	1	0	200	3	9	895.0631885	2	33	
12	1	2	5	1	0	200	3	19	1035.383988	6	37	
12	1	2	5	1	0	200	3	29	1128.434083	8	38	
12	1	2	5	1	0	200	5	9	1066.211248	0	27	
12	1	2	5	1	0	200	5	19	1255.913153	5	27	
12	1	2	5	1	0	200	5	29	1371.300227	7	28	
12	2	2	0	1	5	50	1	9	264.2502325	4	30	
12	2	2	0	1	5	50	1	19	290.5551672	6	32	
12	2	2	0	1	5	50	1	29	308.3222385	7	32	
12	2	2	0	1	5	50	3	9	404.482884	2	16	
12	2	2	0	1	5	50	3	19	460.8639291	5	18	
12	2	2	0	1	5	50	3	29	494.4710364	6	18	
12	2	2	0	1	5	50	5	9	478.9419357	1	13	
12	2	2	0	1	5	50	5	19	563.3952954	4	14	
12	2	2	0	1	5	50	5	29	612.2663707	5	15	
12	2	2	0	1	5	100	1	9	367.4387186	4	32	
12	2	2	0	1	5	100	1	19	395.9375522	6	35	
12	2	2	0	1	5	100	1	29	414.7620562	6	36	
12	2	2	0	1	5	100	3	9	560.8754959	0	21	
12	2	2	0	1	5	100	3	19	626.4684798	4	22	
12	2	2	0	1	5	100	3	29	663.3235102	5	23	
12	2	2	0	1	5	100	5	9	660.639164	0	16	
12	2	2	0	1	5	100	5	19	763.7755921	3	18	
12	2	2	0	1	5	100	5	29	819.2776899	4	19	
12	2	2	0	1	5	200	1	9	514.630706	0	58	
12	2	2	0	1	5	200	1	19	556.553638	4	61	
12	2	2	0	1	5	200	1	29	580.7213122	5	63	
12	2	2	0	1	5	200	3	9	774.4308475	-1	27	
12	2	2	0	1	5	200	3	19	861.8663703	2	30	
12	2	2	0	1	5	200	3	29	906.6420014	4	32	
12	2	2	0	1	5	200	5	9	893.2512013	-4	23	
12	2	2	0	1	5	200	5	19	1061.663271	1	25	
12	2	2	0	1	5	200	5	29	1127.503084	3	24	
12	2	2	1	1	4	50	1	9	294.0249376	6	32	
12	2	2	1	1	4	50	1	19	351.5510011	8	34	
12	2	2	1	1	4	50	1	29	400.0845002	9	35	
12	2	2	1	1	4	50	3	9	438.2087328	4	19	
12	2	2	1	1	4	50	3	19	528.0793718	7	20	
12	2	2	1	1	4	50	3	29	593.5999563	8	21	
12	2	2	1	1	4	50	5	9	515.3650025	3	15	
12	2	2	1	1	4	50	5	19	635.6136761	6	17	
12	2	2	1	1	4	50	5	29	718.3401125	7	18	
12	2	2	1	1	4	100	1	9	396.9135048	6	34	
12	2	2	1	1	4	100	1	19	456.462917	8	37	
12	2	2	1	1	4	100	1	29	505.9396963	9	38	
12	2	2	1	1	4	100	3	9	593.1391763	2	23	
12	2	2	1	1	4	100	3	19	692.0718662	6	24	
12	2	2	1	1	4	100	3	29	761.0452712	7	25	
12	2	2	1	1	4	100	5	9	694.7936353	1	18	
12	2	2	1	1	4	100	5	19	832.8034308	5	20	
12	2	2	1	1	4	100	5	29	921.9535493	6	21	
12	2	2	1	1	4	200	1	9	542.9442344	2	60	
12	2	2	1	1	4	200	1	19	615.5644287	6	64	
12	2	2	1	1	4	200	1	29	670.1861153	7	65	
12	2	2	1	1	4	200	3	9	809.0532615	1	29	
12	2	2	1	1	4	200	3	19	925.210605	4	32	
12	2	2	1	1	4	200	3	29	1001.5718	6	34	
12	2	2	1	1	4	200	5	9	943.2751952	-2	25	
12	2	2	1	1	4	200	5	19	1127.761875	3	27	
12	2	2	1	1	4	200	5	29	1227.172704	5	27	
12	2	2	2	1	3	50	1	9	323.6459925	8	35	
12	2	2	2	1	3	50	1	19	412.2151622	10	36	
12	2	2	2	1	3	50	1	29	491.5286321	11	37	
12	2	2	2	1	3	50	3	9	471.6392205	6	21	
12	2	2	2	1	3	50	3	19	594.8829822	9	22	
12	2	2	2	1	3	50	3	29	692.2724567	10	23	
12	2	2	2	1	3	50	5	9	551.6794604	5	17	
12	2	2	2	1	3	50	5	19	706.7388436	8	19	
12	2	2	2	1	3	50	5	29	822.7345434	9	20	
12	2	2	2	1	3	100	1	9	426.3187618	8	36	
12	2	2	2	1	3	100	1	19	516.8555035	10	39	
12	2	2	2	1	3	100	1	29	596.861632	11	40	
12	2	2	2	1	3	100	3	9	625.3067331	4	25	
12	2	2	2	1	3	100	3	19	757.1525851	8	27	
12	2	2	2	1	3	100	3	29	858.1033404	9	28	
12	2	2	2	1	3	100	5	9	728.8518629	3	20	
12	2	2	2	1	3	100	5	19	901.2117876	7	23	
12	2	2	2	1	3	100	5	29	1023.57149	8	24	
12	2	2	2	1	3	200	1	9	571.24637	4	62	
12	2	2	2	1	3	200	1	19	674.4790831	8	66	
12	2	2	2	1	3	200	1	29	759.6492332	9	67	
12	2	2	2	1	3	200	3	9	839.8635823	3	31	
12	2	2	2	1	3	200	3	19	988.3837888	7	34	
12	2	2	2	1	3	200	3	29	1096.273527	8	36	
12	2	2	2	1	3	200	5	9	986.9432812	0	27	
12	2	2	2	1	3	200	5	19	1193.612099	5	29	
12	2	2	2	1	3	200	5	29	1326.376023	7	30	
12	2	2	3	1	2	50	1	9	353.0860477	10	37	
12	2	2	3	1	2	50	1	19	472.7339921	12	39	
12	2	2	3	1	2	50	1	29	582.7082953	14	40	
12	2	2	3	1	2	50	3	9	504.8172878	8	23	
12	2	2	3	1	2	50	3	19	661.2185945	11	25	
12	2	2	3	1	2	50	3	29	790.4606517	12	26	
12	2	2	3	1	2	50	5	9	587.7802676	7	19	
12	2	2	3	1	2	50	5	19	777.3344052	10	21	
12	2	2	3	1	2	50	5	29	926.4341746	11	22	
12	2	2	3	1	2	100	1	9	455.6504284	10	39	
12	2	2	3	1	2	100	1	19	577.0124981	12	41	
12	2	2	3	1	2	100	1	29	687.6381333	13	43	
12	2	2	3	1	2	100	3	9	657.3370782	6	28	
12	2	2	3	1	2	100	3	19	821.8910901	10	29	
12	2	2	3	1	2	100	3	29	954.556986	11	30	
12	2	2	3	1	2	100	5	9	762.7643412	5	23	
12	2	2	3	1	2	100	5	19	969.319985	9	25	
12	2	2	3	1	2	100	5	29	1124.448505	10	26	
12	2	2	3	1	2	200	1	9	599.5374501	7	64	
12	2	2	3	1	2	200	1	19	733.3764672	10	68	
12	2	2	3	1	2	200	1	29	848.9960192	11	70	
12	2	2	3	1	2	200	3	9	870.6481492	5	33	
12	2	2	3	1	2	200	3	19	1051.356937	9	37	
12	2	2	3	1	2	200	3	29	1190.70735	10	38	
12	2	2	3	1	2	200	5	9	1018.670235	2	29	
12	2	2	3	1	2	200	5	19	1258.778428	7	32	
12	2	2	3	1	2	200	5	29	1424.904305	9	32	
12	2	2	4	1	1	50	1	9	382.4808009	12	39	
12	2	2	4	1	1	50	1	19	533.1313797	15	41	
12	2	2	4	1	1	50	1	29	673.5716165	16	42	
12	2	2	4	1	1	50	3	9	537.7908669	10	25	
12	2	2	4	1	1	50	3	19	726.9458628	13	27	
12	2	2	4	1	1	50	3	29	887.8293131	14	28	
12	2	2	4	1	1	50	5	9	623.6147584	9	21	
12	2	2	4	1	1	50	5	19	847.4806365	12	23	
12	2	2	4	1	1	50	5	29	1029.103403	14	24	
12	2	2	4	1	1	100	1	9	484.9181838	12	41	
12	2	2	4	1	1	100	1	19	637.1426487	14	43	
12	2	2	4	1	1	100	1	29	778.2142643	16	45	
12	2	2	4	1	1	100	3	9	689.2087811	8	30	
12	2	2	4	1	1	100	3	19	886.4044993	12	31	
12	2	2	4	1	1	100	3	29	1050.552371	13	32	
12	2	2	4	1	1	100	5	9	796.5638242	7	25	
12	2	2	4	1	1	100	5	19	1037.070699	11	27	
12	2	2	4	1	1	100	5	29	1224.622812	12	28	
12	2	2	4	1	1	200	1	9	627.8217304	9	66	
12	2	2	4	1	1	200	1	19	792.2635515	12	70	
12	2	2	4	1	1	200	1	29	938.2295822	14	72	
12	2	2	4	1	1	200	3	9	901.4082041	7	35	
12	2	2	4	1	1	200	3	19	1114.089	11	39	
12	2	2	4	1	1	200	3	29	1285.025145	12	40	
12	2	2	4	1	1	200	5	9	1050.379531	4	31	
12	2	2	4	1	1	200	5	19	1323.751016	9	34	
12	2	2	4	1	1	200	5	29	1522.839483	11	35	
12	2	2	5	1	0	50	1	9	411.8373648	14	41	
12	2	2	5	1	0	50	1	19	593.379979	17	43	
12	2	2	5	1	0	50	1	29	764.094741	18	45	
12	2	2	5	1	0	50	3	9	570.5490606	12	28	
12	2	2	5	1	0	50	3	19	792.3867957	15	29	
12	2	2	5	1	0	50	3	29	984.5741212	17	30	
12	2	2	5	1	0	50	5	9	659.1074126	11	24	
12	2	2	5	1	0	50	5	19	916.9669491	14	26	
12	2	2	5	1	0	50	5	29	1130.578373	16	27	
12	2	2	5	1	0	100	1	9	514.1562888	14	43	
12	2	2	5	1	0	100	1	19	697.1425557	17	46	
12	2	2	5	1	0	100	1	29	868.6092641	18	47	
12	2	2	5	1	0	100	3	9	720.9708527	10	32	
12	2	2	5	1	0	100	3	19	950.7179659	14	33	
12	2	2	5	1	0	100	3	29	1146.308529	16	35	
12	2	2	5	1	0	100	5	9	830.2857782	9	27	
12	2	2	5	1	0	100	5	19	1104.541295	13	29	
12	2	2	5	1	0	100	5	29	1324.274215	15	31	
12	2	2	5	1	0	200	1	9	656.0996996	11	68	
12	2	2	5	1	0	200	1	19	851.143361	14	72	
12	2	2	5	1	0	200	1	29	1027.459776	16	74	
12	2	2	5	1	0	200	3	9	932.1415026	9	37	
12	2	2	5	1	0	200	3	19	1176.738638	13	41	
12	2	2	5	1	0	200	3	29	1379.159517	14	43	
12	2	2	5	1	0	200	5	9	1082.057837	6	33	
12	2	2	5	1	0	200	5	19	1388.562127	11	36	
12	2	2	5	1	0	200	5	29	1620.287358	13	37	
12	3	2	0	1	5	50	1	9	308.2954435	10	35	
12	3	2	0	1	5	50	1	19	405.8096106	13	37	
12	3	2	0	1	5	50	1	29	494.6825185	14	39	
12	3	2	0	1	5	50	3	9	445.6081161	8	23	
12	3	2	0	1	5	50	3	19	576.7107173	11	25	
12	3	2	0	1	5	50	3	29	683.0839665	12	26	
12	3	2	0	1	5	50	5	9	520.9097858	7	19	
12	3	2	0	1	5	50	5	19	681.438235	10	21	
12	3	2	0	1	5	50	5	29	805.6003705	11	22	
12	3	2	0	1	5	100	1	9	409.4831828	9	36	
12	3	2	0	1	5	100	1	19	508.1489763	12	39	
12	3	2	0	1	5	100	1	29	597.4843742	13	40	
12	3	2	0	1	5	100	3	9	582.0263058	6	29	
12	3	2	0	1	5	100	3	19	723.939824	10	31	
12	3	2	0	1	5	100	3	29	834.4199764	11	31	
12	3	2	0	1	5	100	5	9	680.7178624	5	22	
12	3	2	0	1	5	100	5	19	854.8714206	9	25	
12	3	2	0	1	5	100	5	29	984.0573675	10	26	
12	3	2	0	1	5	200	1	9	527.2542335	7	59	
12	3	2	0	1	5	200	1	19	636.9136645	10	63	
12	3	2	0	1	5	200	1	29	730.7646323	12	65	
12	3	2	0	1	5	200	3	9	785.6399246	6	31	
12	3	2	0	1	5	200	3	19	934.7377889	9	34	
12	3	2	0	1	5	200	3	29	1048.832819	11	36	
12	3	2	0	1	5	200	5	9	907.497356	3	27	
12	3	2	0	1	5	200	5	19	1109.457984	7	31	
12	3	2	0	1	5	200	5	29	1250.352669	9	33	
12	3	2	1	1	4	50	1	9	355.5294965	13	37	
12	3	2	1	1	4	50	1	19	503.8628274	15	40	
12	3	2	1	1	4	50	1	29	643.1377601	16	41	
12	3	2	1	1	4	50	3	9	496.0136351	10	25	
12	3	2	1	1	4	50	3	19	679.481849	13	27	
12	3	2	1	1	4	50	3	29	837.3821932	14	28	
12	3	2	1	1	4	50	5	9	573.8494938	9	21	
12	3	2	1	1	4	50	5	19	788.2683285	12	23	
12	3	2	1	1	4	50	5	29	964.6728276	14	24	
12	3	2	1	1	4	100	1	9	456.6470568	11	38	
12	3	2	1	1	4	100	1	19	606.0470758	14	41	
12	3	2	1	1	4	100	1	29	745.8301643	15	42	
12	3	2	1	1	4	100	3	9	631.0640671	8	31	
12	3	2	1	1	4	100	3	19	825.2722326	12	33	
12	3	2	1	1	4	100	3	29	987.1305689	13	34	
12	3	2	1	1	4	100	5	9	732.1106846	7	24	
12	3	2	1	1	4	100	5	19	959.7318951	11	27	
12	3	2	1	1	4	100	5	29	1140.874232	13	28	
12	3	2	1	1	4	200	1	9	573.4777287	9	61	
12	3	2	1	1	4	200	1	19	733.6659288	12	65	
12	3	2	1	1	4	200	1	29	877.8133811	14	67	
12	3	2	1	1	4	200	3	9	834.3074318	8	33	
12	3	2	1	1	4	200	3	19	1035.227407	11	36	
12	3	2	1	1	4	200	3	29	1200.738933	13	38	
12	3	2	1	1	4	200	5	9	957.0755891	5	29	
12	3	2	1	1	4	200	5	19	1211.740853	9	33	
12	3	2	1	1	4	200	5	29	1404.632338	11	35	
12	3	2	2	1	3	50	1	9	402.733974	15	39	
12	3	2	2	1	3	50	1	19	601.794906	17	42	
12	3	2	2	1	3	50	1	29	791.3938272	18	43	
12	3	2	2	1	3	50	3	9	546.2805614	12	27	
12	3	2	2	1	3	50	3	19	781.9254017	15	30	
12	3	2	2	1	3	50	3	29	991.1594008	17	31	
12	3	2	2	1	3	50	5	9	626.4363349	11	24	
12	3	2	2	1	3	50	5	19	894.5809168	14	26	
12	3	2	2	1	3	50	5	29	1122.775435	16	27	
12	3	2	2	1	3	100	1	9	503.7847111	13	40	
12	3	2	2	1	3	100	1	19	703.862464	16	43	
12	3	2	2	1	3	100	1	29	894.0228689	18	44	
12	3	2	2	1	3	100	3	9	680.0336101	10	33	
12	3	2	2	1	3	100	3	19	926.4587923	14	35	
12	3	2	2	1	3	100	3	29	1139.679815	15	36	
12	3	2	2	1	3	100	5	9	783.4137714	9	26	
12	3	2	2	1	3	100	5	19	1064.341671	13	29	
12	3	2	2	1	3	100	5	29	1297.344706	15	30	
12	3	2	2	1	3	200	1	9	619.695329	11	63	
12	3	2	2	1	3	200	1	19	830.4142904	14	67	
12	3	2	2	1	3	200	1	29	1024.864554	16	69	
12	3	2	2	1	3	200	3	9	882.9421287	10	35	
12	3	2	2	1	3	200	3	19	1135.637715	13	38	
12	3	2	2	1	3	200	3	29	1352.53603	15	40	
12	3	2	2	1	3	200	5	9	1006.636619	7	31	
12	3	2	2	1	3	200	5	19	1313.909295	11	35	
12	3	2	2	1	3	200	5	29	1558.67047	13	37	
12	3	2	3	1	2	50	1	9	449.8813269	17	42	
12	3	2	3	1	2	50	1	19	699.5440624	19	44	
12	3	2	3	1	2	50	1	29	939.6085817	21	45	
12	3	2	3	1	2	50	3	9	596.3745155	14	30	
12	3	2	3	1	2	50	3	19	884.0784982	17	32	
12	3	2	3	1	2	50	3	29	1144.518815	19	33	
12	3	2	3	1	2	50	5	9	678.8153241	13	26	
12	3	2	3	1	2	50	5	19	1000.410524	16	28	
12	3	2	3	1	2	50	5	29	1280.271282	18	29	
12	3	2	3	1	2	100	1	9	550.8556591	15	43	
12	3	2	3	1	2	100	1	19	801.5583713	18	45	
12	3	2	3	1	2	100	1	29	1041.990972	20	47	
12	3	2	3	1	2	100	3	9	728.9402267	12	36	
12	3	2	3	1	2	100	3	19	1027.38769	16	38	
12	3	2	3	1	2	100	3	29	1291.833668	17	39	
12	3	2	3	1	2	100	5	9	834.5551968	11	29	
12	3	2	3	1	2	100	5	19	1168.576927	15	31	
12	3	2	3	1	2	100	5	29	1453.610756	17	32	
12	3	2	3	1	2	200	1	9	665.9072749	13	65	
12	3	2	3	1	2	200	1	19	927.1489421	17	69	
12	3	2	3	1	2	200	1	29	1171.91659	18	71	
12	3	2	3	1	2	200	3	9	931.5439056	12	37	
12	3	2	3	1	2	200	3	19	1235.913531	15	41	
12	3	2	3	1	2	200	3	29	1503.959305	17	42	
12	3	2	3	1	2	200	5	9	1056.176931	9	33	
12	3	2	3	1	2	200	5	19	1415.981496	13	37	
12	3	2	3	1	2	200	5	29	1712.511717	15	39	
12	3	2	4	1	1	50	1	9	496.9496718	19	44	
12	3	2	4	1	1	50	1	19	797.2683775	22	46	
12	3	2	4	1	1	50	1	29	1087.695563	23	48	
12	3	2	4	1	1	50	3	9	646.2437592	16	32	
12	3	2	4	1	1	50	3	19	986.0509979	19	34	
12	3	2	4	1	1	50	3	29	1297.616465	21	35	
12	3	2	4	1	1	50	5	9	731.0107972	15	28	
12	3	2	4	1	1	50	5	19	1105.962207	18	30	
12	3	2	4	1	1	50	5	29	1437.504188	20	31	
12	3	2	4	1	1	100	1	9	597.8249579	17	45	
12	3	2	4	1	1	100	1	19	899.1031737	20	48	
12	3	2	4	1	1	100	1	29	1189.947392	22	49	
12	3	2	4	1	1	100	3	9	777.7104369	14	38	
12	3	2	4	1	1	100	3	19	1128.211174	18	40	
12	3	2	4	1	1	100	3	29	1443.709581	20	41	
12	3	2	4	1	1	100	5	9	885.5330556	13	31	
12	3	2	4	1	1	100	5	19	1272.475355	17	33	
12	3	2	4	1	1	100	5	29	1609.542756	19	35	
12	3	2	4	1	1	200	1	9	712.1124381	15	67	
12	3	2	4	1	1	200	1	19	1023.818051	19	72	
12	3	2	4	1	1	200	1	29	1318.972171	20	73	
12	3	2	4	1	1	200	3	9	980.1134536	14	39	
12	3	2	4	1	1	200	3	19	1336.039408	17	43	
12	3	2	4	1	1	200	3	29	1655.095913	19	44	
12	3	2	4	1	1	200	5	9	1105.696228	11	35	
12	3	2	4	1	1	200	5	19	1517.952084	15	39	
12	3	2	4	1	1	200	5	29	1866.235383	17	41	
12	3	2	5	1	0	50	1	9	543.9344596	21	46	
12	3	2	5	1	0	50	1	19	894.9504993	24	49	
12	3	2	5	1	0	50	1	29	1235.678123	25	50	
12	3	2	5	1	0	50	3	9	696.0070739	18	34	
12	3	2	5	1	0	50	3	19	1087.827716	22	36	
12	3	2	5	1	0	50	3	29	1450.381964	23	38	
12	3	2	5	1	0	50	5	9	783.0721637	17	30	
12	3	2	5	1	0	50	5	19	1211.178358	20	32	
12	3	2	5	1	0	50	5	29	1594.425215	22	33	
12	3	2	5	1	0	100	1	9	644.7611785	19	47	
12	3	2	5	1	0	100	1	19	996.5935528	22	50	
12	3	2	5	1	0	100	1	29	1337.846096	24	51	
12	3	2	5	1	0	100	3	9	826.4198379	16	40	
12	3	2	5	1	0	100	3	19	1228.882658	20	42	
12	3	2	5	1	0	100	3	29	1595.471238	22	43	
12	3	2	5	1	0	100	5	9	936.409922	15	33	
12	3	2	5	1	0	100	5	19	1376.258174	19	35	
12	3	2	5	1	0	100	5	29	1765.117727	21	37	
12	3	2	5	1	0	200	1	9	758.3109872	17	69	
12	3	2	5	1	0	200	1	19	1120.396321	21	74	
12	3	2	5	1	0	200	1	29	1465.901675	23	76	
12	3	2	5	1	0	200	3	9	1028.652726	16	41	
12	3	2	5	1	0	200	3	19	1436.109895	20	45	
12	3	2	5	1	0	200	3	29	1806.016092	21	47	
12	3	2	5	1	0	200	5	9	1155.193536	13	37	
12	3	2	5	1	0	200	5	19	1619.832516	17	42	
12	3	2	5	1	0	200	5	29	2019.852147	19	44	
12	4	2	0	1	5	50	1	9	406.5772705	17	39	
12	4	2	0	1	5	50	1	19	633.6646907	20	42	
12	4	2	0	1	5	50	1	29	852.4179556	21	43	
12	4	2	0	1	5	50	3	9	536.8569126	14	29	
12	4	2	0	1	5	50	3	19	797.6539971	17	31	
12	4	2	0	1	5	50	3	29	1034.423203	19	33	
12	4	2	0	1	5	50	5	9	608.9509708	13	26	
12	4	2	0	1	5	50	5	19	900.6263433	16	28	
12	4	2	0	1	5	50	5	29	1155.141006	18	29	
12	4	2	0	1	5	100	1	9	493.3197358	14	58	
12	4	2	0	1	5	100	1	19	726.4491241	17	61	
12	4	2	0	1	5	100	1	29	947.4629458	19	63	
12	4	2	0	1	5	100	3	9	652.2888488	13	34	
12	4	2	0	1	5	100	3	19	922.5040255	16	37	
12	4	2	0	1	5	100	3	29	1163.316481	18	39	
12	4	2	0	1	5	100	5	9	748.0618364	11	30	
12	4	2	0	1	5	100	5	19	1053.53028	15	31	
12	4	2	0	1	5	100	5	29	1312.162793	17	32	
12	4	2	0	1	5	200	1	9	598.1807957	14	60	
12	4	2	0	1	5	200	1	19	834.9756917	17	64	
12	4	2	0	1	5	200	1	29	1057.837573	19	66	
12	4	2	0	1	5	200	3	9	851.8536777	8	36	
12	4	2	0	1	5	200	3	19	1125.282914	15	38	
12	4	2	0	1	5	200	3	29	1367.979096	17	40	
12	4	2	0	1	5	200	5	9	953.2320897	10	32	
12	4	2	0	1	5	200	5	19	1272.256466	14	35	
12	4	2	0	1	5	200	5	29	1539.407666	16	37	
12	4	2	1	1	4	50	1	9	471.5426949	19	42	
12	4	2	1	1	4	50	1	19	769.1161317	22	44	
12	4	2	1	1	4	50	1	29	1058.263059	23	46	
12	4	2	1	1	4	50	3	9	604.3312661	16	31	
12	4	2	1	1	4	50	3	19	936.9373635	20	34	
12	4	2	1	1	4	50	3	29	1244.63901	21	35	
12	4	2	1	1	4	50	5	9	678.3333841	15	28	
12	4	2	1	1	4	50	5	19	1042.985866	18	30	
12	4	2	1	1	4	50	5	29	1369.013123	20	31	
12	4	2	1	1	4	100	1	9	557.6099894	16	60	
12	4	2	1	1	4	100	1	19	861.2256168	20	64	
12	4	2	1	1	4	100	1	29	1152.574229	21	65	
12	4	2	1	1	4	100	3	9	718.8082327	15	36	
12	4	2	1	1	4	100	3	19	1060.738562	18	39	
12	4	2	1	1	4	100	3	29	1372.338486	20	41	
12	4	2	1	1	4	100	5	9	815.9986445	13	32	
12	4	2	1	1	4	100	5	19	1194.344134	17	34	
12	4	2	1	1	4	100	5	29	1524.981824	19	35	
12	4	2	1	1	4	200	1	9	662.3220683	16	62	
12	4	2	1	1	4	200	1	19	969.560816	19	66	
12	4	2	1	1	4	200	1	29	1262.690773	21	68	
12	4	2	1	1	4	200	3	9	918.2268146	10	38	
12	4	2	1	1	4	200	3	19	1263.203553	17	40	
12	4	2	1	1	4	200	3	29	1576.665471	19	42	
12	4	2	1	1	4	200	5	9	1020.637665	12	34	
12	4	2	1	1	4	200	5	19	1411.87318	16	37	
12	4	2	1	1	4	200	5	29	1750.451969	18	39	
12	4	2	2	1	3	50	1	9	536.3865118	21	44	
12	4	2	2	1	3	50	1	19	904.5909997	24	46	
12	4	2	2	1	3	50	1	29	1264.001409	25	48	
12	4	2	2	1	3	50	3	9	671.6336584	18	34	
12	4	2	2	1	3	50	3	19	1075.926832	22	36	
12	4	2	2	1	3	50	3	29	1454.65862	23	37	
12	4	2	2	1	3	50	5	9	747.5992259	17	30	
12	4	2	2	1	3	50	5	19	1185.059831	20	32	
12	4	2	2	1	3	50	5	29	1582.546747	22	34	
12	4	2	2	1	3	100	1	9	621.8594532	18	63	
12	4	2	2	1	3	100	1	19	995.9744946	22	66	
12	4	2	2	1	3	100	1	29	1357.699208	23	67	
12	4	2	2	1	3	100	3	9	785.2889219	17	38	
12	4	2	2	1	3	100	3	19	1198.839603	20	42	
12	4	2	2	1	3	100	3	29	1581.257512	22	43	
12	4	2	2	1	3	100	5	9	883.8499281	15	34	
12	4	2	2	1	3	100	5	19	1335.00834	19	36	
12	4	2	2	1	3	100	5	29	1737.506997	21	37	
12	4	2	2	1	3	200	1	9	726.4579237	18	64	
12	4	2	2	1	3	200	1	19	1104.066904	21	69	
12	4	2	2	1	3	200	1	29	1467.548287	23	70	
12	4	2	2	1	3	200	3	9	984.5668694	12	40	
12	4	2	2	1	3	200	3	19	1401.00378	19	43	
12	4	2	2	1	3	200	3	29	1785.234326	21	44	
12	4	2	2	1	3	200	5	9	1088.008655	14	36	
12	4	2	2	1	3	200	5	19	1551.324064	18	40	
12	4	2	2	1	3	200	5	29	1961.358778	20	42	
12	4	2	3	1	2	50	1	9	601.1516271	24	46	
12	4	2	3	1	2	50	1	19	1039.965681	26	49	
12	4	2	3	1	2	50	1	29	1469.541999	28	50	
12	4	2	3	1	2	50	3	9	738.8459022	20	36	
12	4	2	3	1	2	50	3	19	1214.681072	24	38	
12	4	2	3	1	2	50	3	29	1664.51539	25	39	
12	4	2	3	1	2	50	5	9	816.6732623	19	32	
12	4	2	3	1	2	50	5	19	1326.747784	22	35	
12	4	2	3	1	2	50	5	29	1795.657571	24	36	
12	4	2	3	1	2	100	1	9	686.0602302	20	65	
12	4	2	3	1	2	100	1	19	1130.721361	24	68	
12	4	2	3	1	2	100	1	29	1562.749755	25	70	
12	4	2	3	1	2	100	3	9	851.7353307	19	40	
12	4	2	3	1	2	100	3	19	1336.685399	22	44	
12	4	2	3	1	2	100	3	29	1790.122636	24	45	
12	4	2	3	1	2	100	5	9	951.6035621	17	36	
12	4	2	3	1	2	100	5	19	1475.517663	21	38	
12	4	2	3	1	2	100	5	29	1949.79035	23	39	
12	4	2	3	1	2	200	1	9	790.5690016	20	67	
12	4	2	3	1	2	200	1	19	1238.499805	23	71	
12	4	2	3	1	2	200	1	29	1672.232506	25	73	
12	4	2	3	1	2	200	3	9	1050.56698	14	54	
12	4	2	3	1	2	200	3	19	1538.754468	21	45	
12	4	2	3	1	2	200	3	29	1993.781516	23	46	
12	4	2	3	1	2	200	5	9	1155.336124	16	38	
12	4	2	3	1	2	200	5	19	1690.707408	20	42	
12	4	2	3	1	2	200	5	29	2172.100544	22	44	
12	4	2	4	1	1	50	1	9	665.8924558	26	48	
12	4	2	4	1	1	50	1	19	1175.18848	29	51	
12	4	2	4	1	1	50	1	29	1675.093368	30	52	
12	4	2	4	1	1	50	3	9	806.0065638	22	38	
12	4	2	4	1	1	50	3	19	1353.356834	26	40	
12	4	2	4	1	1	50	3	29	1874.127184	28	42	
12	4	2	4	1	1	50	5	9	885.6390113	21	34	
12	4	2	4	1	1	50	5	19	1468.073842	25	37	
12	4	2	4	1	1	50	5	29	2008.716516	26	38	
12	4	2	4	1	1	100	1	9	750.2533609	22	67	
12	4	2	4	1	1	100	1	19	1265.453247	26	70	
12	4	2	4	1	1	100	1	29	1767.702356	28	72	
12	4	2	4	1	1	100	3	9	918.1364415	21	42	
12	4	2	4	1	1	100	3	19	1474.409082	24	46	
12	4	2	4	1	1	100	3	29	1998.893918	26	48	
12	4	2	4	1	1	100	5	9	1019.296776	19	38	
12	4	2	4	1	1	100	5	19	1615.892189	23	41	
12	4	2	4	1	1	100	5	29	2161.588885	25	42	
12	4	2	4	1	1	200	1	9	854.6189004	22	69	
12	4	2	4	1	1	200	1	19	1372.93411	26	73	
12	4	2	4	1	1	200	1	29	1876.874203	27	75	
12	4	2	4	1	1	200	3	9	1115.86277	16	56	
12	4	2	4	1	1	200	3	19	1676.407792	23	47	
12	4	2	4	1	1	200	3	29	2202.209571	25	49	
12	4	2	4	1	1	200	5	9	1222.634716	18	40	
12	4	2	4	1	1	200	5	19	1830.025961	22	44	
12	4	2	4	1	1	200	5	29	2382.630699	24	46	
12	4	2	5	1	0	50	1	9	730.6299394	28	50	
12	4	2	5	1	0	50	1	19	1310.320293	31	53	
12	4	2	5	1	0	50	1	29	1880.61961	32	55	
12	4	2	5	1	0	50	3	9	873.1151271	24	40	
12	4	2	5	1	0	50	3	19	1491.954475	28	42	
12	4	2	5	1	0	50	3	29	2083.394218	30	44	
12	4	2	5	1	0	50	5	9	954.5137607	23	36	
12	4	2	5	1	0	50	5	19	1609.273752	27	39	
12	4	2	5	1	0	50	5	29	2221.529042	28	40	
12	4	2	5	1	0	100	1	9	814.4338607	25	69	
12	4	2	5	1	0	100	1	19	1400.132629	28	72	
12	4	2	5	1	0	100	1	29	1972.650024	30	74	
12	4	2	5	1	0	100	3	9	984.5017181	23	44	
12	4	2	5	1	0	100	3	19	1612.000388	27	48	
12	4	2	5	1	0	100	3	29	2207.348441	28	50	
12	4	2	5	1	0	100	5	9	1086.897523	21	41	
12	4	2	5	1	0	100	5	19	1756.023812	25	43	
12	4	2	5	1	0	100	5	29	2373.014042	27	44	
12	4	2	5	1	0	200	1	9	918.6656703	24	71	
12	4	2	5	1	0	200	1	19	1507.371197	28	75	
12	4	2	5	1	0	200	1	29	2081.528008	29	77	
12	4	2	5	1	0	200	3	9	1181.146054	18	58	
12	4	2	5	1	0	200	3	19	1813.985917	24	49	
12	4	2	5	1	0	200	3	29	2410.616626	27	51	
12	4	2	5	1	0	200	5	9	1289.904352	20	42	
12	4	2	5	1	0	200	5	19	1969.176664	24	46	
12	4	2	5	1	0	200	5	29	2592.997503	26	48	
