N	L	T	lambda0	lambda1	lambda2	K	h	b	Cost_AP	s_AP0	S_AP0	s_AP1	S_AP1	s_AP2	S_AP2	s_AP3	S_AP3	s_AP4	S_AP4	s_AP5	S_AP5	s_AP6	S_AP6	s_AP7	S_AP7	s_AP8	S_AP8	s_AP9	S_AP9	s_AP10	S_AP10	s_AP11	S_AP11	s_AP12	S_AP12	s_AP13	S_AP13	s_AP14	S_AP14	s_AP15	S_AP15	s_AP16	S_AP16	s_AP17	S_AP17	s_AP18	S_AP18	s_AP19	S_AP19	s_AP20	S_AP20
12	0	2	0	1	5	50	1	9	171.6209251	-2	16	-3	16	-4	16	-5	16	-6	16	-7	16	-8	16	-9	16	-10	16	-11	16	-12	16	-13	16	-14	16	-15	16	-16	16	-17	16	-18	16	-19	16	-20	16	-21	16	-22	16	
12	0	2	0	1	5	50	1	19	179.2393151	-1	16	-2	16	-3	16	-4	16	-5	16	-6	16	-7	16	-8	16	-9	16	-10	16	-11	16	-12	16	-13	16	-14	16	-15	16	-16	16	-17	16	-18	16	-19	16	-20	16	-21	16	
12	0	2	0	1	5	50	1	29	180.1319974	-1	16	-2	16	-3	16	-4	16	-5	16	-6	16	-7	16	-8	16	-9	16	-10	16	-11	16	-12	16	-13	16	-14	16	-15	16	-16	16	-17	16	-18	16	-19	16	-20	16	-21	16	
12	0	2	0	1	5	50	3	9	210.9754871	-3	9	-4	9	-5	9	-6	9	-7	9	-8	9	-9	9	-10	9	-11	9	-12	9	-13	9	-14	9	-15	9	-16	9	-17	9	-18	9	-19	9	-20	9	-21	9	-22	9	-23	9	
12	0	2	0	1	5	50	3	19	223.4641124	-2	9	-2	9	-3	9	-4	9	-5	9	-6	9	-7	9	-8	9	-9	9	-10	9	-11	9	-12	9	-13	9	-14	9	-15	9	-16	9	-17	9	-18	9	-19	9	-20	9	-21	9	
12	0	2	0	1	5	50	3	29	226.1283253	-1	9	-2	9	-3	9	-4	9	-5	9	-6	9	-7	9	-8	9	-9	9	-10	9	-11	9	-12	9	-13	9	-14	9	-15	9	-16	9	-17	9	-18	9	-19	9	-20	9	-21	9	
12	0	2	0	1	5	50	5	9	227.4804279	-3	7	-4	7	-5	7	-6	7	-7	7	-8	7	-9	7	-10	7	-11	7	-12	7	-13	7	-14	7	-15	7	-16	7	-17	7	-18	7	-19	7	-20	7	-21	7	-22	7	-23	7	
12	0	2	0	1	5	50	5	19	240.374039	-2	7	-3	7	-4	7	-5	7	-6	7	-7	7	-8	7	-9	7	-10	7	-11	7	-12	7	-13	7	-14	7	-15	7	-16	7	-17	7	-18	7	-19	7	-20	7	-21	7	-22	7	
12	0	2	0	1	5	50	5	29	243.401059	-1	7	-2	7	-3	7	-4	7	-5	7	-6	7	-7	7	-8	7	-9	7	-10	7	-11	7	-12	7	-13	7	-14	7	-15	7	-16	7	-17	7	-18	7	-19	7	-20	7	-21	7	
12	0	2	0	1	5	100	1	9	273.4397342	-3	26	-4	26	-5	26	-6	26	-7	26	-8	26	-9	26	-10	26	-11	26	-12	26	-13	26	-14	26	-15	26	-16	26	-17	26	-18	26	-19	26	-20	26	-21	26	-22	26	-23	26	
12	0	2	0	1	5	100	1	19	284.8736988	-2	28	-3	28	-4	28	-5	28	-6	28	-7	28	-8	28	-9	28	-10	28	-11	28	-12	28	-13	28	-14	28	-15	28	-16	28	-17	28	-18	28	-19	28	-20	28	-21	28	-22	28	
12	0	2	0	1	5	100	1	29	288.9921357	-1	29	-2	29	-3	29	-4	29	-5	29	-6	29	-7	29	-8	29	-9	29	-10	29	-11	29	-12	29	-13	29	-14	29	-15	29	-16	29	-17	29	-18	29	-19	29	-20	29	-21	29	
12	0	2	0	1	5	100	3	9	354.621511	-4	13	-5	13	-6	13	-7	13	-8	13	-9	13	-10	13	-11	13	-12	13	-13	13	-14	13	-15	13	-16	13	-17	13	-18	13	-19	13	-20	13	-21	13	-22	13	-23	13	-24	13	
12	0	2	0	1	5	100	3	19	377.8568895	-2	14	-3	14	-4	14	-5	14	-6	14	-7	14	-8	14	-9	14	-10	14	-11	14	-12	14	-13	14	-14	14	-15	14	-16	14	-17	14	-18	14	-19	14	-20	14	-21	14	-22	14	
12	0	2	0	1	5	100	3	29	386.9553352	-2	15	-3	15	-4	15	-5	15	-6	15	-7	15	-8	15	-9	15	-10	15	-11	15	-12	15	-13	15	-14	15	-15	15	-16	15	-17	15	-18	15	-19	15	-20	15	-21	15	-22	15	
12	0	2	0	1	5	100	5	9	382.5397225	-5	10	-6	10	-7	10	-8	10	-9	10	-10	10	-11	10	-12	10	-13	10	-14	10	-15	10	-16	10	-17	10	-18	10	-19	10	-20	10	-21	10	-22	10	-23	10	-24	10	-25	10	
12	0	2	0	1	5	100	5	19	412.1495689	-3	10	-4	10	-5	10	-6	10	-7	10	-8	10	-9	10	-10	10	-11	10	-12	10	-13	10	-14	10	-15	10	-16	10	-17	10	-18	10	-19	10	-20	10	-21	10	-22	10	-23	10	
12	0	2	0	1	5	100	5	29	424.5221429	-2	10	-3	10	-4	10	-5	10	-6	10	-7	10	-8	10	-9	10	-10	10	-11	10	-12	10	-13	10	-14	10	-15	10	-16	10	-17	10	-18	10	-19	10	-20	10	-21	10	-22	10	
12	0	2	0	1	5	200	1	9	414.9381411	-6	27	-7	27	-8	27	-9	27	-10	27	-11	27	-12	27	-13	27	-14	27	-15	27	-16	27	-17	27	-18	27	-19	27	-20	27	-21	27	-22	27	-23	27	-24	27	-25	27	-26	27	
12	0	2	0	1	5	200	1	19	449.0531675	-3	29	-3	29	-4	29	-5	29	-6	29	-7	29	-8	29	-9	29	-10	29	-11	29	-12	29	-13	29	-14	29	-15	29	-16	29	-17	29	-18	29	-19	29	-20	29	-21	29	-22	29	
12	0	2	0	1	5	200	1	29	466.1120444	-2	30	-3	30	-4	30	-5	30	-6	30	-7	30	-8	30	-9	30	-10	30	-11	30	-12	30	-13	30	-14	30	-15	30	-16	30	-17	30	-18	30	-19	30	-20	30	-21	30	-22	30	
12	0	2	0	1	5	200	3	9	558.846659	-7	22	-8	22	-9	22	-10	22	-11	22	-12	22	-13	22	-14	22	-15	22	-16	22	-17	22	-18	22	-19	22	-20	22	-21	22	-22	22	-23	22	-24	22	-25	22	-26	22	-27	22	
12	0	2	0	1	5	200	3	19	600.6575803	-4	24	-5	24	-6	24	-7	24	-8	24	-9	24	-10	24	-11	24	-12	24	-13	24	-14	24	-15	24	-16	24	-17	24	-18	24	-19	24	-20	24	-21	24	-22	24	-23	24	-24	24	
12	0	2	0	1	5	200	3	29	622.2925654	-3	25	-4	25	-5	25	-6	25	-7	25	-8	25	-9	25	-10	25	-11	25	-12	25	-13	25	-14	25	-15	25	-16	25	-17	25	-18	25	-19	25	-20	25	-21	25	-22	25	-23	25	
12	0	2	0	1	5	200	5	9	612.8589035	-8	14	-9	14	-10	14	-11	14	-12	14	-13	14	-14	14	-15	14	-16	14	-17	14	-18	14	-19	14	-20	14	-21	14	-22	14	-23	14	-24	14	-25	14	-26	14	-27	14	-28	14	
12	0	2	0	1	5	200	5	19	683.4379935	-4	14	-4	14	-5	14	-6	14	-7	14	-8	14	-9	14	-10	14	-11	14	-12	14	-13	14	-14	14	-15	14	-16	14	-17	14	-18	14	-19	14	-20	14	-21	14	-22	14	-23	14	
12	0	2	0	1	5	200	5	29	716.1615217	-3	14	-3	14	-4	14	-5	14	-6	14	-7	14	-8	14	-9	14	-10	14	-11	14	-12	14	-13	14	-14	14	-15	14	-16	14	-17	14	-18	14	-19	14	-20	14	-21	14	-22	14	
12	0	2	1	1	4	50	1	9	203.2023896	-1	17	-2	17	-3	17	-4	17	-5	17	-6	17	-7	17	-8	17	-9	17	-10	17	-11	17	-12	17	-13	17	-14	17	-15	17	-16	17	-17	17	-18	17	-19	17	-20	17	-21	17	
12	0	2	1	1	4	50	1	19	216.7505918	0	18	-1	18	-2	18	-3	18	-4	18	-5	18	-6	18	-7	18	-8	18	-9	18	-10	18	-11	18	-12	18	-13	18	-14	18	-15	18	-16	18	-17	18	-18	18	-19	18	-20	18	
12	0	2	1	1	4	50	1	29	219.5729867	0	19	-1	19	-2	19	-3	19	-4	19	-5	19	-6	19	-7	19	-8	19	-9	19	-10	19	-11	19	-12	19	-13	19	-14	19	-15	19	-16	19	-17	19	-18	19	-19	19	-20	19	
12	0	2	1	1	4	50	3	9	255.9521963	-2	10	-3	10	-4	10	-5	10	-6	10	-7	10	-8	10	-9	10	-10	10	-11	10	-12	10	-13	10	-14	10	-15	10	-16	10	-17	10	-18	10	-19	10	-20	10	-21	10	-22	10	
12	0	2	1	1	4	50	3	19	281.0068147	-1	10	-2	10	-3	10	-4	10	-5	10	-6	10	-7	10	-8	10	-9	10	-10	10	-11	10	-12	10	-13	10	-14	10	-15	10	-16	10	-17	10	-18	10	-19	10	-20	10	-21	10	
12	0	2	1	1	4	50	3	29	291.1200515	0	11	-1	11	-2	11	-3	11	-4	11	-5	11	-6	11	-7	11	-8	11	-9	11	-10	11	-11	11	-12	11	-13	11	-14	11	-15	11	-16	11	-17	11	-18	11	-19	11	-20	11	
12	0	2	1	1	4	50	5	9	275.6153841	-2	7	-3	7	-4	7	-5	7	-6	7	-7	7	-8	7	-9	7	-10	7	-11	7	-12	7	-13	7	-14	7	-15	7	-16	7	-17	7	-18	7	-19	7	-20	7	-21	7	-22	7	
12	0	2	1	1	4	50	5	19	303.5911502	-1	7	-2	7	-3	7	-4	7	-5	7	-6	7	-7	7	-8	7	-9	7	-10	7	-11	7	-12	7	-13	7	-14	7	-15	7	-16	7	-17	7	-18	7	-19	7	-20	7	-21	7	
12	0	2	1	1	4	50	5	29	319.3644803	0	7	-1	7	-2	7	-3	7	-4	7	-5	7	-6	7	-7	7	-8	7	-9	7	-10	7	-11	7	-12	7	-13	7	-14	7	-15	7	-16	7	-17	7	-18	7	-19	7	-20	7	
12	0	2	1	1	4	100	1	9	307.5328531	-2	28	-3	28	-4	28	-5	28	-6	28	-7	28	-8	28	-9	28	-10	28	-11	28	-12	28	-13	28	-14	28	-15	28	-16	28	-17	28	-18	28	-19	28	-20	28	-21	28	-22	28	
12	0	2	1	1	4	100	1	19	330.3980363	-1	30	-2	30	-3	30	-4	30	-5	30	-6	30	-7	30	-8	30	-9	30	-10	30	-11	30	-12	30	-13	30	-14	30	-15	30	-16	30	-17	30	-18	30	-19	30	-20	30	-21	30	
12	0	2	1	1	4	100	1	29	344.1059777	0	31	-1	31	-2	31	-3	31	-4	31	-5	31	-6	31	-7	31	-8	31	-9	31	-10	31	-11	31	-12	31	-13	31	-14	31	-15	31	-16	31	-17	31	-18	31	-19	31	-20	31	
12	0	2	1	1	4	100	3	9	408.4041633	-3	14	-4	14	-5	14	-6	14	-7	14	-8	14	-9	14	-10	14	-11	14	-12	14	-13	14	-14	14	-15	14	-16	14	-17	14	-18	14	-19	14	-20	14	-21	14	-22	14	-23	14	
12	0	2	1	1	4	100	3	19	447.0721019	-2	16	-3	16	-4	16	-5	16	-6	16	-7	16	-8	16	-9	16	-10	16	-11	16	-12	16	-13	16	-14	16	-15	16	-16	16	-17	16	-18	16	-19	16	-20	16	-21	16	-22	16	
12	0	2	1	1	4	100	3	29	467.6234904	-1	16	-2	16	-3	16	-4	16	-5	16	-6	16	-7	16	-8	16	-9	16	-10	16	-11	16	-12	16	-13	16	-14	16	-15	16	-16	16	-17	16	-18	16	-19	16	-20	16	-21	16	
12	0	2	1	1	4	100	5	9	444.7620027	-4	11	-5	11	-6	11	-7	11	-8	11	-9	11	-10	11	-11	11	-12	11	-13	11	-14	11	-15	11	-16	11	-17	11	-18	11	-19	11	-20	11	-21	11	-22	11	-23	11	-24	11	
12	0	2	1	1	4	100	5	19	498.1028496	-2	11	-3	11	-4	11	-5	11	-6	11	-7	11	-8	11	-9	11	-10	11	-11	11	-12	11	-13	11	-14	11	-15	11	-16	11	-17	11	-18	11	-19	11	-20	11	-21	11	-22	11	
12	0	2	1	1	4	100	5	29	524.6251774	-1	11	-2	11	-3	11	-4	11	-5	11	-6	11	-7	11	-8	11	-9	11	-10	11	-11	11	-12	11	-13	11	-14	11	-15	11	-16	11	-17	11	-18	11	-19	11	-20	11	-21	11	
12	0	2	1	1	4	200	1	9	459.7030635	-5	29	-6	29	-7	29	-8	29	-9	29	-10	29	-11	29	-12	29	-13	29	-14	29	-15	29	-16	29	-17	29	-18	29	-19	29	-20	29	-21	29	-22	29	-23	29	-24	29	-25	29	
12	0	2	1	1	4	200	1	19	512.8753585	-2	31	-3	31	-4	31	-5	31	-6	31	-7	31	-8	31	-9	31	-10	31	-11	31	-12	31	-13	31	-14	31	-15	31	-16	31	-17	31	-18	31	-19	31	-20	31	-21	31	-22	31	
12	0	2	1	1	4	200	1	29	540.4691438	-1	32	-2	32	-3	32	-4	32	-5	32	-6	32	-7	32	-8	32	-9	32	-10	32	-11	32	-12	32	-13	32	-14	32	-15	32	-16	32	-17	32	-18	32	-19	32	-20	32	-21	32	
12	0	2	1	1	4	200	3	9	619.4707341	-6	23	-7	23	-8	23	-9	23	-10	23	-11	23	-12	23	-13	23	-14	23	-15	23	-16	23	-17	23	-18	23	-19	23	-20	23	-21	23	-22	23	-23	23	-24	23	-25	23	-26	23	
12	0	2	1	1	4	200	3	19	688.7336697	-3	25	-4	25	-5	25	-6	25	-7	25	-8	25	-9	25	-10	25	-11	25	-12	25	-13	25	-14	25	-15	25	-16	25	-17	25	-18	25	-19	25	-20	25	-21	25	-22	25	-23	25	
12	0	2	1	1	4	200	3	29	725.9270366	-2	26	-3	26	-4	26	-5	26	-6	26	-7	26	-8	26	-9	26	-10	26	-11	26	-12	26	-13	26	-14	26	-15	26	-16	26	-17	26	-18	26	-19	26	-20	26	-21	26	-22	26	
12	0	2	1	1	4	200	5	9	688.5939763	-7	14	-8	14	-9	14	-10	14	-11	14	-12	14	-13	14	-14	14	-15	14	-16	14	-17	14	-18	14	-19	14	-20	14	-21	14	-22	14	-23	14	-24	14	-25	14	-26	14	-27	14	
12	0	2	1	1	4	200	5	19	791.560466	-3	15	-4	15	-5	15	-6	15	-7	15	-8	15	-9	15	-10	15	-11	15	-12	15	-13	15	-14	15	-15	15	-16	15	-17	15	-18	15	-19	15	-20	15	-21	15	-22	15	-23	15	
12	0	2	1	1	4	200	5	29	835.3757252	-2	16	-3	16	-4	16	-5	16	-6	16	-7	16	-8	16	-9	16	-10	16	-11	16	-12	16	-13	16	-14	16	-15	16	-16	16	-17	16	-18	16	-19	16	-20	16	-21	16	-22	16	
12	0	2	2	1	3	50	1	9	227.3999239	0	19	-1	19	-2	19	-3	19	-4	19	-5	19	-6	19	-7	19	-8	19	-9	19	-10	19	-11	19	-12	19	-13	19	-14	19	-15	19	-16	19	-17	19	-18	19	-19	19	-20	19	
12	0	2	2	1	3	50	1	19	236.112173	1	20	0	20	-1	20	-2	20	-3	20	-4	20	-5	20	-6	20	-7	20	-8	20	-9	20	-10	20	-11	20	-12	20	-13	20	-14	20	-15	20	-16	20	-17	20	-18	20	-19	20	
12	0	2	2	1	3	50	1	29	240.4082884	1	21	0	21	-1	21	-2	21	-3	21	-4	21	-5	21	-6	21	-7	21	-8	21	-9	21	-10	21	-11	21	-12	21	-13	21	-14	21	-15	21	-16	21	-17	21	-18	21	-19	21	
12	0	2	2	1	3	50	3	9	297.6657123	-1	11	-2	11	-3	11	-4	11	-5	11	-6	11	-7	11	-8	11	-9	11	-10	11	-11	11	-12	11	-13	11	-14	11	-15	11	-16	11	-17	11	-18	11	-19	11	-20	11	-21	11	
12	0	2	2	1	3	50	3	19	324.4153286	0	12	-1	12	-2	12	-3	12	-4	12	-5	12	-6	12	-7	12	-8	12	-9	12	-10	12	-11	12	-12	12	-13	12	-14	12	-15	12	-16	12	-17	12	-18	12	-19	12	-20	12	
12	0	2	2	1	3	50	3	29	334.3026427	1	12	0	12	-1	12	-2	12	-3	12	-4	12	-5	12	-6	12	-7	12	-8	12	-9	12	-10	12	-11	12	-12	12	-13	12	-14	12	-15	12	-16	12	-17	12	-18	12	-19	12	
12	0	2	2	1	3	50	5	9	324.732856	-2	8	-3	8	-4	8	-5	8	-6	8	-7	8	-8	8	-9	8	-10	8	-11	8	-12	8	-13	8	-14	8	-15	8	-16	8	-17	8	-18	8	-19	8	-20	8	-21	8	-22	8	
12	0	2	2	1	3	50	5	19	359.6406822	0	8	-1	8	-2	8	-3	8	-4	8	-5	8	-6	8	-7	8	-8	8	-9	8	-10	8	-11	8	-12	8	-13	8	-14	8	-15	8	-16	8	-17	8	-18	8	-19	8	-20	8	
12	0	2	2	1	3	50	5	29	373.3499736	1	8	0	8	-1	8	-2	8	-3	8	-4	8	-5	8	-6	8	-7	8	-8	8	-9	8	-10	8	-11	8	-12	8	-13	8	-14	8	-15	8	-16	8	-17	8	-18	8	-19	8	
12	0	2	2	1	3	100	1	9	336.1867055	-1	30	-2	30	-3	30	-4	30	-5	30	-6	30	-7	30	-8	30	-9	30	-10	30	-11	30	-12	30	-13	30	-14	30	-15	30	-16	30	-17	30	-18	30	-19	30	-20	30	-21	30	
12	0	2	2	1	3	100	1	19	359.6723364	0	32	-1	32	-2	32	-3	32	-4	32	-5	32	-6	32	-7	32	-8	32	-9	32	-10	32	-11	32	-12	32	-13	32	-14	32	-15	32	-16	32	-17	32	-18	32	-19	32	-20	32	
12	0	2	2	1	3	100	1	29	366.2557231	1	33	0	33	-1	33	-2	33	-3	33	-4	33	-5	33	-6	33	-7	33	-8	33	-9	33	-10	33	-11	33	-12	33	-13	33	-14	33	-15	33	-16	33	-17	33	-18	33	-19	33	
12	0	2	2	1	3	100	3	9	458.708218	-3	15	-4	15	-5	15	-6	15	-7	15	-8	15	-9	15	-10	15	-11	15	-12	15	-13	15	-14	15	-15	15	-16	15	-17	15	-18	15	-19	15	-20	15	-21	15	-22	15	-23	15	
12	0	2	2	1	3	100	3	19	509.8658759	-1	17	-2	17	-3	17	-4	17	-5	17	-6	17	-7	17	-8	17	-9	17	-10	17	-11	17	-12	17	-13	17	-14	17	-15	17	-16	17	-17	17	-18	17	-19	17	-20	17	-21	17	
12	0	2	2	1	3	100	3	29	529.6707417	0	17	-1	17	-2	17	-3	17	-4	17	-5	17	-6	17	-7	17	-8	17	-9	17	-10	17	-11	17	-12	17	-13	17	-14	17	-15	17	-16	17	-17	17	-18	17	-19	17	-20	17	
12	0	2	2	1	3	100	5	9	508.9252126	-4	11	-5	11	-6	11	-7	11	-8	11	-9	11	-10	11	-11	11	-12	11	-13	11	-14	11	-15	11	-16	11	-17	11	-18	11	-19	11	-20	11	-21	11	-22	11	-23	11	-24	11	
12	0	2	2	1	3	100	5	19	578.1404673	-1	12	-2	12	-3	12	-4	12	-5	12	-6	12	-7	12	-8	12	-9	12	-10	12	-11	12	-12	12	-13	12	-14	12	-15	12	-16	12	-17	12	-18	12	-19	12	-20	12	-21	12	
12	0	2	2	1	3	100	5	29	607.4474723	0	12	-1	12	-2	12	-3	12	-4	12	-5	12	-6	12	-7	12	-8	12	-9	12	-10	12	-11	12	-12	12	-13	12	-14	12	-15	12	-16	12	-17	12	-18	12	-19	12	-20	12	
12	0	2	2	1	3	200	1	9	500.890994	-4	30	-5	30	-6	30	-7	30	-8	30	-9	30	-10	30	-11	30	-12	30	-13	30	-14	30	-15	30	-16	30	-17	30	-18	30	-19	30	-20	30	-21	30	-22	30	-23	30	-24	30	
12	0	2	2	1	3	200	1	19	560.1211071	-1	33	-2	33	-3	33	-4	33	-5	33	-6	33	-7	33	-8	33	-9	33	-10	33	-11	33	-12	33	-13	33	-14	33	-15	33	-16	33	-17	33	-18	33	-19	33	-20	33	-21	33	
12	0	2	2	1	3	200	1	29	570.2856925	0	34	-1	34	-2	34	-3	34	-4	34	-5	34	-6	34	-7	34	-8	34	-9	34	-10	34	-11	34	-12	34	-13	34	-14	34	-15	34	-16	34	-17	34	-18	34	-19	34	-20	34	
12	0	2	2	1	3	200	3	9	680.3368972	-6	24	-7	24	-8	24	-9	24	-10	24	-11	24	-12	24	-13	24	-14	24	-15	24	-16	24	-17	24	-18	24	-19	24	-20	24	-21	24	-22	24	-23	24	-24	24	-25	24	-26	24	
12	0	2	2	1	3	200	3	19	765.7326758	-2	27	-3	27	-4	27	-5	27	-6	27	-7	27	-8	27	-9	27	-10	27	-11	27	-12	27	-13	27	-14	27	-15	27	-16	27	-17	27	-18	27	-19	27	-20	27	-21	27	-22	27	
12	0	2	2	1	3	200	3	29	811.880596	-1	27	-2	27	-3	27	-4	27	-5	27	-6	27	-7	27	-8	27	-9	27	-10	27	-11	27	-12	27	-13	27	-14	27	-15	27	-16	27	-17	27	-18	27	-19	27	-20	27	-21	27	
12	0	2	2	1	3	200	5	9	766.5750513	-6	15	-7	15	-8	15	-9	15	-10	15	-11	15	-12	15	-13	15	-14	15	-15	15	-16	15	-17	15	-18	15	-19	15	-20	15	-21	15	-22	15	-23	15	-24	15	-25	15	-26	15	
12	0	2	2	1	3	200	5	19	888.2571973	-2	17	-3	17	-4	17	-5	17	-6	17	-7	17	-8	17	-9	17	-10	17	-11	17	-12	17	-13	17	-14	17	-15	17	-16	17	-17	17	-18	17	-19	17	-20	17	-21	17	-22	17	
12	0	2	2	1	3	200	5	29	939.5779588	-1	18	-2	18	-3	18	-4	18	-5	18	-6	18	-7	18	-8	18	-9	18	-10	18	-11	18	-12	18	-13	18	-14	18	-15	18	-16	18	-17	18	-18	18	-19	18	-20	18	-21	18	
12	0	2	3	1	2	50	1	9	246.2173493	1	21	0	21	-1	21	-2	21	-3	21	-4	21	-5	21	-6	21	-7	21	-8	21	-9	21	-10	21	-11	21	-12	21	-13	21	-14	21	-15	21	-16	21	-17	21	-18	21	-19	21	
12	0	2	3	1	2	50	1	19	257.2134844	2	22	1	22	0	22	-1	22	-2	22	-3	22	-4	22	-5	22	-6	22	-7	22	-8	22	-9	22	-10	22	-11	22	-12	22	-13	22	-14	22	-15	22	-16	22	-17	22	-18	22	
12	0	2	3	1	2	50	1	29	262.931339	2	23	1	23	0	23	-1	23	-2	23	-3	23	-4	23	-5	23	-6	23	-7	23	-8	23	-9	23	-10	23	-11	23	-12	23	-13	23	-14	23	-15	23	-16	23	-17	23	-18	23	
12	0	2	3	1	2	50	3	9	342.4576694	-1	12	-2	12	-3	12	-4	12	-5	12	-6	12	-7	12	-8	12	-9	12	-10	12	-11	12	-12	12	-13	12	-14	12	-15	12	-16	12	-17	12	-18	12	-19	12	-20	12	-21	12	
12	0	2	3	1	2	50	3	19	370.2513985	1	12	0	12	-1	12	-2	12	-3	12	-4	12	-5	12	-6	12	-7	12	-8	12	-9	12	-10	12	-11	12	-12	12	-13	12	-14	12	-15	12	-16	12	-17	12	-18	12	-19	12	
12	0	2	3	1	2	50	3	29	384.1643214	2	13	1	13	0	13	-1	13	-2	13	-3	13	-4	13	-5	13	-6	13	-7	13	-8	13	-9	13	-10	13	-11	13	-12	13	-13	13	-14	13	-15	13	-16	13	-17	13	-18	13	
12	0	2	3	1	2	50	5	9	379.868489	-1	9	-2	9	-3	9	-4	9	-5	9	-6	9	-7	9	-8	9	-9	9	-10	9	-11	9	-12	9	-13	9	-14	9	-15	9	-16	9	-17	9	-18	9	-19	9	-20	9	-21	9	
12	0	2	3	1	2	50	5	19	422.8419957	1	9	0	9	-1	9	-2	9	-3	9	-4	9	-5	9	-6	9	-7	9	-8	9	-9	9	-10	9	-11	9	-12	9	-13	9	-14	9	-15	9	-16	9	-17	9	-18	9	-19	9	
12	0	2	3	1	2	50	5	29	443.1631136	1	10	0	10	-1	10	-2	10	-3	10	-4	10	-5	10	-6	10	-7	10	-8	10	-9	10	-10	10	-11	10	-12	10	-13	10	-14	10	-15	10	-16	10	-17	10	-18	10	-19	10	
12	0	2	3	1	2	100	1	9	363.6085006	-1	32	-2	32	-3	32	-4	32	-5	32	-6	32	-7	32	-8	32	-9	32	-10	32	-11	32	-12	32	-13	32	-14	32	-15	32	-16	32	-17	32	-18	32	-19	32	-20	32	-21	32	
12	0	2	3	1	2	100	1	19	381.8331209	1	34	0	34	-1	34	-2	34	-3	34	-4	34	-5	34	-6	34	-7	34	-8	34	-9	34	-10	34	-11	34	-12	34	-13	34	-14	34	-15	34	-16	34	-17	34	-18	34	-19	34	
12	0	2	3	1	2	100	1	29	389.5469773	2	35	1	35	0	35	-1	35	-2	35	-3	35	-4	35	-5	35	-6	35	-7	35	-8	35	-9	35	-10	35	-11	35	-12	35	-13	35	-14	35	-15	35	-16	35	-17	35	-18	35	
12	0	2	3	1	2	100	3	9	508.4534725	-2	17	-3	17	-4	17	-5	17	-6	17	-7	17	-8	17	-9	17	-10	17	-11	17	-12	17	-13	17	-14	17	-15	17	-16	17	-17	17	-18	17	-19	17	-20	17	-21	17	-22	17	
12	0	2	3	1	2	100	3	19	565.8735997	0	18	-1	18	-2	18	-3	18	-4	18	-5	18	-6	18	-7	18	-8	18	-9	18	-10	18	-11	18	-12	18	-13	18	-14	18	-15	18	-16	18	-17	18	-18	18	-19	18	-20	18	
12	0	2	3	1	2	100	3	29	585.0109704	1	19	0	19	-1	19	-2	19	-3	19	-4	19	-5	19	-6	19	-7	19	-8	19	-9	19	-10	19	-11	19	-12	19	-13	19	-14	19	-15	19	-16	19	-17	19	-18	19	-19	19	
12	0	2	3	1	2	100	5	9	574.788722	-3	12	-4	12	-5	12	-6	12	-7	12	-8	12	-9	12	-10	12	-11	12	-12	12	-13	12	-14	12	-15	12	-16	12	-17	12	-18	12	-19	12	-20	12	-21	12	-22	12	-23	12	
12	0	2	3	1	2	100	5	19	657.6256001	0	13	-1	13	-2	13	-3	13	-4	13	-5	13	-6	13	-7	13	-8	13	-9	13	-10	13	-11	13	-12	13	-13	13	-14	13	-15	13	-16	13	-17	13	-18	13	-19	13	-20	13	
12	0	2	3	1	2	100	5	29	685.7042534	1	14	0	14	-1	14	-2	14	-3	14	-4	14	-5	14	-6	14	-7	14	-8	14	-9	14	-10	14	-11	14	-12	14	-13	14	-14	14	-15	14	-16	14	-17	14	-18	14	-19	14	
12	0	2	3	1	2	200	1	9	536.7134151	-3	32	-4	32	-5	32	-6	32	-7	32	-8	32	-9	32	-10	32	-11	32	-12	32	-13	32	-14	32	-15	32	-16	32	-17	32	-18	32	-19	32	-20	32	-21	32	-22	32	-23	32	
12	0	2	3	1	2	200	1	19	584.8215356	0	35	-1	35	-2	35	-3	35	-4	35	-5	35	-6	35	-7	35	-8	35	-9	35	-10	35	-11	35	-12	35	-13	35	-14	35	-15	35	-16	35	-17	35	-18	35	-19	35	-20	35	
12	0	2	3	1	2	200	1	29	593.8561144	1	36	0	36	-1	36	-2	36	-3	36	-4	36	-5	36	-6	36	-7	36	-8	36	-9	36	-10	36	-11	36	-12	36	-13	36	-14	36	-15	36	-16	36	-17	36	-18	36	-19	36	
12	0	2	3	1	2	200	3	9	740.4270462	-5	26	-6	26	-7	26	-8	26	-9	26	-10	26	-11	26	-12	26	-13	26	-14	26	-15	26	-16	26	-17	26	-18	26	-19	26	-20	26	-21	26	-22	26	-23	26	-24	26	-25	26	
12	0	2	3	1	2	200	3	19	838.1228662	-2	28	-3	28	-4	28	-5	28	-6	28	-7	28	-8	28	-9	28	-10	28	-11	28	-12	28	-13	28	-14	28	-15	28	-16	28	-17	28	-18	28	-19	28	-20	28	-21	28	-22	28	
12	0	2	3	1	2	200	3	29	887.078892	0	28	-1	28	-2	28	-3	28	-4	28	-5	28	-6	28	-7	28	-8	28	-9	28	-10	28	-11	28	-12	28	-13	28	-14	28	-15	28	-16	28	-17	28	-18	28	-19	28	-20	28	
12	0	2	3	1	2	200	5	9	846.6340162	-6	16	-6	16	-7	16	-8	16	-9	16	-10	16	-11	16	-12	16	-13	16	-14	16	-15	16	-16	16	-17	16	-18	16	-19	16	-20	16	-21	16	-22	16	-23	16	-24	16	-25	16	
12	0	2	3	1	2	200	5	19	980.6114413	-1	18	-2	18	-3	18	-4	18	-5	18	-6	18	-7	18	-8	18	-9	18	-10	18	-11	18	-12	18	-13	18	-14	18	-15	18	-16	18	-17	18	-18	18	-19	18	-20	18	-21	18	
12	0	2	3	1	2	200	5	29	1040.502668	0	19	-1	19	-2	19	-3	19	-4	19	-5	19	-6	19	-7	19	-8	19	-9	19	-10	19	-11	19	-12	19	-13	19	-14	19	-15	19	-16	19	-17	19	-18	19	-19	19	-20	19	
12	0	2	4	1	1	50	1	9	266.7347053	1	23	0	23	-1	23	-2	23	-3	23	-4	23	-5	23	-6	23	-7	23	-8	23	-9	23	-10	23	-11	23	-12	23	-13	23	-14	23	-15	23	-16	23	-17	23	-18	23	-19	23	
12	0	2	4	1	1	50	1	19	280.1371496	3	24	2	24	1	24	0	24	-1	24	-2	24	-3	24	-4	24	-5	24	-6	24	-7	24	-8	24	-9	24	-10	24	-11	24	-12	24	-13	24	-14	24	-15	24	-16	24	-17	24	
12	0	2	4	1	1	50	1	29	287.0605511	4	25	3	25	2	25	1	25	0	25	-1	25	-2	25	-3	25	-4	25	-5	25	-6	25	-7	25	-8	25	-9	25	-10	25	-11	25	-12	25	-13	25	-14	25	-15	25	-16	25	
12	0	2	4	1	1	50	3	9	387.8505896	0	13	-1	13	-2	13	-3	13	-4	13	-5	13	-6	13	-7	13	-8	13	-9	13	-10	13	-11	13	-12	13	-13	13	-14	13	-15	13	-16	13	-17	13	-18	13	-19	13	-20	13	
12	0	2	4	1	1	50	3	19	423.6387268	2	14	1	14	0	14	-1	14	-2	14	-3	14	-4	14	-5	14	-6	14	-7	14	-8	14	-9	14	-10	14	-11	14	-12	14	-13	14	-14	14	-15	14	-16	14	-17	14	-18	14	
12	0	2	4	1	1	50	3	29	442.5127015	3	14	2	14	1	14	0	14	-1	14	-2	14	-3	14	-4	14	-5	14	-6	14	-7	14	-8	14	-9	14	-10	14	-11	14	-12	14	-13	14	-14	14	-15	14	-16	14	-17	14	
12	0	2	4	1	1	50	5	9	444.7467342	-1	10	-2	10	-3	10	-4	10	-5	10	-6	10	-7	10	-8	10	-9	10	-10	10	-11	10	-12	10	-13	10	-14	10	-15	10	-16	10	-17	10	-18	10	-19	10	-20	10	-21	10	
12	0	2	4	1	1	50	5	19	499.3306042	1	11	0	11	-1	11	-2	11	-3	11	-4	11	-5	11	-6	11	-7	11	-8	11	-9	11	-10	11	-11	11	-12	11	-13	11	-14	11	-15	11	-16	11	-17	11	-18	11	-19	11	
12	0	2	4	1	1	50	5	29	527.4495587	2	11	1	11	0	11	-1	11	-2	11	-3	11	-4	11	-5	11	-6	11	-7	11	-8	11	-9	11	-10	11	-11	11	-12	11	-13	11	-14	11	-15	11	-16	11	-17	11	-18	11	
12	0	2	4	1	1	100	1	9	386.021406	0	33	-1	33	-2	33	-3	33	-4	33	-5	33	-6	33	-7	33	-8	33	-9	33	-10	33	-11	33	-12	33	-13	33	-14	33	-15	33	-16	33	-17	33	-18	33	-19	33	-20	33	
12	0	2	4	1	1	100	1	19	405.1611344	2	36	1	36	0	36	-1	36	-2	36	-3	36	-4	36	-5	36	-6	36	-7	36	-8	36	-9	36	-10	36	-11	36	-12	36	-13	36	-14	36	-15	36	-16	36	-17	36	-18	36	
12	0	2	4	1	1	100	1	29	413.9448823	3	37	2	37	1	37	0	37	-1	37	-2	37	-3	37	-4	37	-5	37	-6	37	-7	37	-8	37	-9	37	-10	37	-11	37	-12	37	-13	37	-14	37	-15	37	-16	37	-17	37	
12	0	2	4	1	1	100	3	9	561.4660718	-2	18	-3	18	-4	18	-5	18	-6	18	-7	18	-8	18	-9	18	-10	18	-11	18	-12	18	-13	18	-14	18	-15	18	-16	18	-17	18	-18	18	-19	18	-20	18	-21	18	-22	18	
12	0	2	4	1	1	100	3	19	622.4966737	1	20	0	20	-1	20	-2	20	-3	20	-4	20	-5	20	-6	20	-7	20	-8	20	-9	20	-10	20	-11	20	-12	20	-13	20	-14	20	-15	20	-16	20	-17	20	-18	20	-19	20	
12	0	2	4	1	1	100	3	29	646.0973809	2	20	1	20	0	20	-1	20	-2	20	-3	20	-4	20	-5	20	-6	20	-7	20	-8	20	-9	20	-10	20	-11	20	-12	20	-13	20	-14	20	-15	20	-16	20	-17	20	-18	20	
12	0	2	4	1	1	100	5	9	644.7306953	-3	13	-4	13	-5	13	-6	13	-7	13	-8	13	-9	13	-10	13	-11	13	-12	13	-13	13	-14	13	-15	13	-16	13	-17	13	-18	13	-19	13	-20	13	-21	13	-22	13	-23	13	
12	0	2	4	1	1	100	5	19	738.7434365	0	14	-1	14	-2	14	-3	14	-4	14	-5	14	-6	14	-7	14	-8	14	-9	14	-10	14	-11	14	-12	14	-13	14	-14	14	-15	14	-16	14	-17	14	-18	14	-19	14	-20	14	
12	0	2	4	1	1	100	5	29	775.17484	1	15	0	15	-1	15	-2	15	-3	15	-4	15	-5	15	-6	15	-7	15	-8	15	-9	15	-10	15	-11	15	-12	15	-13	15	-14	15	-15	15	-16	15	-17	15	-18	15	-19	15	
12	0	2	4	1	1	200	1	9	567.9870024	-3	34	-4	34	-5	34	-6	34	-7	34	-8	34	-9	34	-10	34	-11	34	-12	34	-13	34	-14	34	-15	34	-16	34	-17	34	-18	34	-19	34	-20	34	-21	34	-22	34	-23	34	
12	0	2	4	1	1	200	1	19	608.3786865	1	37	0	37	-1	37	-2	37	-3	37	-4	37	-5	37	-6	37	-7	37	-8	37	-9	37	-10	37	-11	37	-12	37	-13	37	-14	37	-15	37	-16	37	-17	37	-18	37	-19	37	
12	0	2	4	1	1	200	1	29	618.4838127	3	38	2	38	1	38	0	38	-1	38	-2	38	-3	38	-4	38	-5	38	-6	38	-7	38	-8	38	-9	38	-10	38	-11	38	-12	38	-13	38	-14	38	-15	38	-16	38	-17	38	
12	0	2	4	1	1	200	3	9	799.3365869	-5	27	-6	27	-7	27	-8	27	-9	27	-10	27	-11	27	-12	27	-13	27	-14	27	-15	27	-16	27	-17	27	-18	27	-19	27	-20	27	-21	27	-22	27	-23	27	-24	27	-25	27	
12	0	2	4	1	1	200	3	19	911.4938227	-1	29	-2	29	-3	29	-4	29	-5	29	-6	29	-7	29	-8	29	-9	29	-10	29	-11	29	-12	29	-13	29	-14	29	-15	29	-16	29	-17	29	-18	29	-19	29	-20	29	-21	29	
12	0	2	4	1	1	200	3	29	949.8395852	1	29	0	29	-1	29	-2	29	-3	29	-4	29	-5	29	-6	29	-7	29	-8	29	-9	29	-10	29	-11	29	-12	29	-13	29	-14	29	-15	29	-16	29	-17	29	-18	29	-19	29	
12	0	2	4	1	1	200	5	9	927.6346018	-5	17	-6	17	-7	17	-8	17	-9	17	-10	17	-11	17	-12	17	-13	17	-14	17	-15	17	-16	17	-17	17	-18	17	-19	17	-20	17	-21	17	-22	17	-23	17	-24	17	-25	17	
12	0	2	4	1	1	200	5	19	1077.707348	-1	20	-2	20	-3	20	-4	20	-5	20	-6	20	-7	20	-8	20	-9	20	-10	20	-11	20	-12	20	-13	20	-14	20	-15	20	-16	20	-17	20	-18	20	-19	20	-20	20	-21	20	
12	0	2	4	1	1	200	5	29	1134.521374	0	21	-1	21	-2	21	-3	21	-4	21	-5	21	-6	21	-7	21	-8	21	-9	21	-10	21	-11	21	-12	21	-13	21	-14	21	-15	21	-16	21	-17	21	-18	21	-19	21	-20	21	
12	0	2	5	1	0	50	1	9	288.8545354	2	24	1	24	0	24	-1	24	-2	24	-3	24	-4	24	-5	24	-6	24	-7	24	-8	24	-9	24	-10	24	-11	24	-12	24	-13	24	-14	24	-15	24	-16	24	-17	24	-18	24	
12	0	2	5	1	0	50	1	19	304.7737972	4	26	3	26	2	26	1	26	0	26	-1	26	-2	26	-3	26	-4	26	-5	26	-6	26	-7	26	-8	26	-9	26	-10	26	-11	26	-12	26	-13	26	-14	26	-15	26	-16	26	
12	0	2	5	1	0	50	1	29	312.8219747	5	27	4	27	3	27	2	27	1	27	0	27	-1	27	-2	27	-3	27	-4	27	-5	27	-6	27	-7	27	-8	27	-9	27	-10	27	-11	27	-12	27	-13	27	-14	27	-15	27	
12	0	2	5	1	0	50	3	9	439.004714	1	14	0	14	-1	14	-2	14	-3	14	-4	14	-5	14	-6	14	-7	14	-8	14	-9	14	-10	14	-11	14	-12	14	-13	14	-14	14	-15	14	-16	14	-17	14	-18	14	-19	14	
12	0	2	5	1	0	50	3	19	485.567966	3	16	2	16	1	16	0	16	-1	16	-2	16	-3	16	-4	16	-5	16	-6	16	-7	16	-8	16	-9	16	-10	16	-11	16	-12	16	-13	16	-14	16	-15	16	-16	16	-17	16	
12	0	2	5	1	0	50	3	29	509.2608062	4	16	3	16	2	16	0	16	-1	16	-2	16	-3	16	-4	16	-5	16	-6	16	-7	16	-8	16	-9	16	-10	16	-11	16	-12	16	-13	16	-14	16	-15	16	-16	16	-17	16	
12	0	2	5	1	0	50	5	9	515.4362733	0	11	-1	11	-2	11	-3	11	-4	11	-5	11	-6	11	-7	11	-8	11	-9	11	-10	11	-11	11	-12	11	-13	11	-14	11	-15	11	-16	11	-17	11	-18	11	-19	11	-20	11	
12	0	2	5	1	0	50	5	19	588.3284496	2	12	1	12	0	12	-1	12	-2	12	-3	12	-4	12	-5	12	-6	12	-7	12	-8	12	-9	12	-10	12	-11	12	-12	12	-13	12	-14	12	-15	12	-16	12	-17	12	-18	12	
12	0	2	5	1	0	50	5	29	626.1900678	3	13	2	13	1	13	0	13	-1	13	-2	13	-3	13	-4	3	-5	3	-6	2	-7	2	-8	1	-9	1	-10	1	-11	0	-12	0	-13	0	-14	0	-15	0	-16	0	-17	0	
12	0	2	5	1	0	100	1	9	408.2793429	1	35	0	35	-1	35	-2	35	-3	35	-4	35	-5	35	-6	35	-7	35	-8	35	-9	35	-10	35	-11	35	-12	35	-13	35	-14	35	-15	35	-16	35	-17	35	-18	35	-19	35	
12	0	2	5	1	0	100	1	19	429.5843918	3	38	2	38	1	38	0	38	-1	38	-2	38	-3	38	-4	38	-5	38	-6	38	-7	38	-8	38	-9	38	-10	38	-11	38	-12	38	-13	38	-14	38	-15	38	-16	38	-17	38	
12	0	2	5	1	0	100	1	29	439.4048694	4	39	3	39	2	39	1	39	0	39	-1	39	-2	39	-3	39	-4	39	-5	39	-6	39	-7	39	-8	39	-9	39	-10	39	-11	39	-12	39	-13	39	-14	39	-15	39	-16	39	
12	0	2	5	1	0	100	3	9	618.4242545	-1	20	-2	20	-3	20	-4	20	-5	20	-6	20	-7	20	-8	20	-9	20	-10	20	-11	20	-12	20	-13	20	-14	20	-15	20	-16	20	-17	20	-18	20	-19	20	-20	20	-21	20	
12	0	2	5	1	0	100	3	19	684.7615655	2	21	1	21	0	21	-1	21	-2	21	-3	21	-4	21	-5	21	-6	21	-7	21	-8	21	-9	21	-10	21	-11	21	-12	21	-13	21	-14	21	-15	21	-16	21	-17	21	-18	21	
12	0	2	5	1	0	100	3	29	712.9439039	3	22	2	22	1	22	0	22	-1	22	-2	22	-3	22	-4	22	-5	22	-6	22	-7	22	-8	22	-9	22	-10	22	-11	22	-12	22	-13	22	-14	22	-15	22	-16	22	-17	22	
12	0	2	5	1	0	100	5	9	720.7282608	-2	14	-3	14	-4	14	-5	14	-6	14	-7	14	-8	14	-9	14	-10	14	-11	14	-12	14	-13	14	-14	14	-15	14	-16	14	-17	14	-18	14	-19	14	-20	14	-21	14	-22	14	
12	0	2	5	1	0	100	5	19	829.585448	1	16	0	16	-1	16	-2	16	-3	16	-4	16	-5	16	-6	16	-7	16	-8	16	-9	16	-10	16	-11	16	-12	16	-13	16	-14	16	-15	16	-16	16	-17	16	-18	16	-19	16	
12	0	2	5	1	0	100	5	29	875.2843951	2	17	1	17	0	17	-1	17	-2	17	-3	17	-4	17	-5	17	-6	17	-7	17	-8	17	-9	17	-10	17	-11	17	-12	17	-13	17	-14	17	-15	17	-16	17	-17	17	-18	17	
12	0	2	5	1	0	200	1	9	597.8094647	-2	36	-3	36	-4	36	-5	36	-6	36	-7	36	-8	36	-9	36	-10	36	-11	36	-12	36	-13	36	-14	36	-15	36	-16	36	-17	36	-18	36	-19	36	-20	36	-21	36	-22	36	
12	0	2	5	1	0	200	1	19	632.9295219	2	39	1	39	0	39	-1	39	-2	39	-3	39	-4	39	-5	39	-6	39	-7	39	-8	39	-9	39	-10	39	-11	39	-12	39	-13	39	-14	39	-15	39	-16	39	-17	39	-18	39	
12	0	2	5	1	0	200	1	29	644.080943	4	40	3	40	1	40	0	40	-1	40	-2	40	-3	40	-4	40	-5	40	-6	40	-7	40	-8	40	-9	40	-10	40	-11	40	-12	40	-13	40	-14	40	-15	40	-16	40	-17	40	
12	0	2	5	1	0	200	3	9	858.8816904	-4	29	-5	29	-6	29	-7	29	-8	29	-9	29	-10	29	-11	29	-12	29	-13	29	-14	29	-15	29	-16	29	-17	29	-18	29	-19	29	-20	29	-21	29	-22	29	-23	29	-24	29	
12	0	2	5	1	0	200	3	19	978.6926237	0	31	-1	31	-2	31	-3	31	-4	31	-5	31	-6	31	-7	31	-8	31	-9	31	-10	31	-11	31	-12	31	-13	31	-14	31	-15	31	-16	31	-17	31	-18	31	-19	31	-20	31	
12	0	2	5	1	0	200	3	29	1016.747868	2	31	1	31	0	31	-1	31	-2	31	-3	31	-4	31	-5	31	-6	31	-7	31	-8	31	-9	31	-10	31	-11	31	-12	31	-13	31	-14	31	-15	31	-16	31	-17	31	-18	31	
12	0	2	5	1	0	200	5	9	1010.217563	-5	18	-6	18	-7	18	-8	18	-9	18	-10	18	-11	18	-12	18	-13	18	-14	18	-15	18	-16	18	-17	18	-18	18	-19	18	-20	18	-21	18	-22	18	-23	18	-24	18	-25	18	
12	0	2	5	1	0	200	5	19	1178.080408	0	21	-1	21	-2	21	-3	21	-4	21	-5	21	-6	21	-7	21	-8	21	-9	21	-10	21	-11	21	-12	21	-13	21	-14	21	-15	21	-16	21	-17	21	-18	21	-19	21	-20	21	
12	0	2	5	1	0	200	5	29	1236.630511	1	22	0	22	-1	22	-2	22	-3	22	-4	22	-5	22	-6	22	-7	22	-8	22	-9	22	-10	22	-11	22	-12	22	-13	22	-14	22	-15	22	-16	22	-17	22	-18	22	-19	22	
